Time	CellId	RNTI	BWPId	StreamId	SINR(dB)
7.1427e-05	2	0	0	0	17.0358
0.00507143	2	0	0	0	17.2733
0.0100714	2	0	0	0	17.2733
0.0150714	2	0	0	0	17.2733
0.0200714	2	0	0	0	17.2733
0.0250714	2	1	0	0	17.2733
0.0300714	2	1	0	0	17.2733
0.0350714	2	1	0	0	17.2733
0.0400714	2	1	0	0	17.2733
0.0450714	2	1	0	0	17.2733
0.0500714	2	1	0	0	17.2733
0.0550714	2	1	0	0	17.2733
0.0600714	2	1	0	0	17.2733
0.0650714	2	1	0	0	17.2733
0.0700714	2	1	0	0	17.2733
0.0750714	2	1	0	0	17.2733
0.0760714	2	1	0	0	17.2733
0.0800714	2	1	0	0	17.2733
0.0850714	2	1	0	0	17.2733
0.0900714	2	1	0	0	17.2733
0.0950714	2	1	0	0	17.2733
0.100071	2	1	0	0	17.2733
0.105071	2	1	0	0	-4.20331
0.110071	2	1	0	0	-4.20331
0.115071	2	1	0	0	-4.20331
0.120071	2	1	0	0	-4.20331
0.125071	2	1	0	0	-4.20331
0.130071	2	1	0	0	-4.20331
0.135071	2	1	0	0	-4.20331
0.140071	2	1	0	0	-4.20331
0.145071	2	1	0	0	-4.20331
0.150071	2	1	0	0	-4.20331
0.155071	2	1	0	0	-4.20331
0.156071	2	1	0	0	-4.20331
0.160071	2	1	0	0	-4.20331
0.165071	2	1	0	0	-4.20331
0.170071	2	1	0	0	-4.20331
0.175071	2	1	0	0	-4.20331
0.180071	2	1	0	0	-4.20331
0.185071	2	1	0	0	-4.20331
0.190071	2	1	0	0	-4.20331
0.195071	2	1	0	0	-4.20331
0.200071	2	1	0	0	-4.20331
0.205071	2	1	0	0	-4.20331
0.210071	2	1	0	0	-3.23772
0.215071	2	1	0	0	-3.23772
0.220071	2	1	0	0	-3.23772
0.225071	2	1	0	0	-3.23772
0.230071	2	1	0	0	-3.23772
0.235071	2	1	0	0	-3.23772
0.236071	2	1	0	0	-3.23772
0.240071	2	1	0	0	-3.23772
0.245071	2	1	0	0	-3.23772
0.250071	2	1	0	0	-3.23772
0.255071	2	1	0	0	-3.23772
0.260071	2	1	0	0	-3.23772
0.265071	2	1	0	0	-3.23772
0.270071	2	1	0	0	-3.23772
0.275071	2	1	0	0	-3.23772
0.280071	2	1	0	0	-3.23772
0.285071	2	1	0	0	-3.23772
0.290071	2	1	0	0	-3.23772
0.295071	2	1	0	0	-3.23772
0.300071	2	1	0	0	-3.23772
0.305071	2	1	0	0	-3.23772
0.310071	2	1	0	0	-3.23772
0.315071	2	1	0	0	-3.5666
0.316071	2	1	0	0	-3.5666
0.320071	2	1	0	0	-3.5666
0.325071	2	1	0	0	-3.5666
0.330071	2	1	0	0	-3.5666
0.335071	2	1	0	0	-3.5666
0.340071	2	1	0	0	-3.5666
0.345071	2	1	0	0	-3.5666
0.350071	2	1	0	0	-3.5666
0.355071	2	1	0	0	-3.5666
0.360071	2	1	0	0	-3.5666
0.365071	2	1	0	0	-3.5666
0.370071	2	1	0	0	-3.5666
0.375071	2	1	0	0	-3.5666
0.380071	2	1	0	0	-3.5666
0.385071	2	1	0	0	-3.5666
0.390071	2	1	0	0	-3.5666
0.395071	2	1	0	0	-3.5666
0.396071	2	1	0	0	-3.5666
0.400071	2	1	0	0	-3.5666
0.403071	2	1	0	0	-3.5666
0.404071	2	1	0	0	-3.5666
0.405071	2	1	0	0	-3.5666
0.406071	2	1	0	0	-3.5666
0.407071	2	1	0	0	-3.5666
0.408071	2	1	0	0	-3.5666
0.409071	2	1	0	0	-3.5666
0.410071	2	1	0	0	-3.5666
0.411071	2	1	0	0	-3.5666
0.412071	2	1	0	0	-3.5666
0.413071	2	1	0	0	-3.5666
0.414071	2	1	0	0	-3.5666
0.415071	2	1	0	0	-3.5666
0.416071	2	1	0	0	-5.81768
0.417071	2	1	0	0	-5.81768
0.418071	2	1	0	0	-5.81768
0.419071	2	1	0	0	-5.81768
0.420071	2	1	0	0	-5.81768
0.421071	2	1	0	0	-5.81768
0.422071	2	1	0	0	-5.81768
0.423071	2	1	0	0	-5.81768
0.424071	2	1	0	0	-5.81768
0.425071	2	1	0	0	-5.81768
0.426071	2	1	0	0	-5.81768
0.427071	2	1	0	0	-5.81768
0.428071	2	1	0	0	-5.81768
0.429071	2	1	0	0	-5.81768
0.430071	2	1	0	0	-5.81768
0.431071	2	1	0	0	-5.81768
0.432071	2	1	0	0	-5.81768
0.433071	2	1	0	0	-5.81768
0.434071	2	1	0	0	-5.81768
0.435071	2	1	0	0	-5.81768
0.436071	2	1	0	0	-5.81768
0.437071	2	1	0	0	-5.81768
0.438071	2	1	0	0	-5.81768
0.439071	2	1	0	0	-5.81768
0.440071	2	1	0	0	-5.81768
0.441071	2	1	0	0	-5.81768
0.442071	2	1	0	0	-5.81768
0.443071	2	1	0	0	-5.81768
0.444071	2	1	0	0	-5.81768
0.445071	2	1	0	0	-5.81768
0.446071	2	1	0	0	-5.81768
0.447071	2	1	0	0	-5.81768
0.448071	2	1	0	0	-5.81768
0.449071	2	1	0	0	-5.81768
0.450071	2	1	0	0	-5.81768
0.451071	2	1	0	0	-5.81768
0.452071	2	1	0	0	-5.81768
0.453071	2	1	0	0	-5.81768
0.454071	2	1	0	0	-5.81768
0.455071	2	1	0	0	-5.81768
0.456071	2	1	0	0	-5.81768
0.457071	2	1	0	0	-5.81768
0.458071	2	1	0	0	-5.81768
0.459071	2	1	0	0	-5.81768
0.460071	2	1	0	0	-5.81768
0.461071	2	1	0	0	-5.81768
0.462071	2	1	0	0	-5.81768
0.463071	2	1	0	0	-5.81768
0.464071	2	1	0	0	-5.81768
0.465071	2	1	0	0	-5.81768
0.466071	2	1	0	0	-5.81768
0.467071	2	1	0	0	-5.81768
0.468071	2	1	0	0	-5.81768
0.469071	2	1	0	0	-5.81768
0.470071	2	1	0	0	-5.81768
0.471071	2	1	0	0	-5.81768
0.472071	2	1	0	0	-5.81768
0.473071	2	1	0	0	-5.81768
0.474071	2	1	0	0	-5.81768
0.475071	2	1	0	0	-5.81768
0.476071	2	1	0	0	-5.81768
0.477071	2	1	0	0	-5.81768
0.478071	2	1	0	0	-5.81768
0.479071	2	1	0	0	-5.81768
0.480071	2	1	0	0	-5.81768
0.481071	2	1	0	0	-5.81768
0.482071	2	1	0	0	-5.81768
0.483071	2	1	0	0	-5.81768
0.484071	2	1	0	0	-5.81768
0.485071	2	1	0	0	-5.81768
0.486071	2	1	0	0	-5.81768
0.487071	2	1	0	0	-5.81768
0.488071	2	1	0	0	-5.81768
0.489071	2	1	0	0	-5.81768
0.490071	2	1	0	0	-5.81768
0.491071	2	1	0	0	-5.81768
0.492071	2	1	0	0	-5.81768
0.493071	2	1	0	0	-5.81768
0.494071	2	1	0	0	-5.81768
0.495071	2	1	0	0	-5.81768
0.496071	2	1	0	0	-5.81768
0.497071	2	1	0	0	-5.81768
0.498071	2	1	0	0	-5.81768
0.499071	2	1	0	0	-5.81768
0.500071	2	1	0	0	-5.81768
0.501071	2	1	0	0	-5.81768
0.502071	2	1	0	0	-5.81768
0.503071	2	1	0	0	-5.81768
0.504071	2	1	0	0	-5.81768
0.505071	2	1	0	0	-5.81768
0.506071	2	1	0	0	-5.81768
0.507071	2	1	0	0	-5.81768
0.508071	2	1	0	0	-5.81768
0.509071	2	1	0	0	-5.81768
0.510071	2	1	0	0	-5.81768
0.511071	2	1	0	0	-5.81768
0.512071	2	1	0	0	-5.81768
0.513071	2	1	0	0	-5.81768
0.514071	2	1	0	0	-5.81768
0.515071	2	1	0	0	-5.81768
0.516071	2	1	0	0	-8.02656
0.517071	2	1	0	0	-8.02656
0.518071	2	1	0	0	-8.02656
0.519071	2	1	0	0	-8.02656
0.520071	2	1	0	0	-8.02656
0.521071	2	1	0	0	-8.02656
0.522071	2	1	0	0	-8.02656
0.523071	2	1	0	0	-8.02656
0.524071	2	1	0	0	-8.02656
0.525071	2	1	0	0	-8.02656
0.526071	2	1	0	0	-8.02656
0.527071	2	1	0	0	-8.02656
0.528071	2	1	0	0	-8.02656
0.529071	2	1	0	0	-8.02656
0.530071	2	1	0	0	-8.02656
0.531071	2	1	0	0	-8.02656
0.532071	2	1	0	0	-8.02656
0.533071	2	1	0	0	-8.02656
0.534071	2	1	0	0	-8.02656
0.535071	2	1	0	0	-8.02656
0.536071	2	1	0	0	-8.02656
0.537071	2	1	0	0	-8.02656
0.538071	2	1	0	0	-8.02656
0.539071	2	1	0	0	-8.02656
0.540071	2	1	0	0	-8.02656
0.541071	2	1	0	0	-8.02656
0.542071	2	1	0	0	-8.02656
0.543071	2	1	0	0	-8.02656
0.544071	2	1	0	0	-8.02656
0.545071	2	1	0	0	-8.02656
0.546071	2	1	0	0	-8.02656
0.547071	2	1	0	0	-8.02656
0.548071	2	1	0	0	-8.02656
0.549071	2	1	0	0	-8.02656
0.550071	2	1	0	0	-8.02656
0.551071	2	1	0	0	-8.02656
0.552071	2	1	0	0	-8.02656
0.553071	2	1	0	0	-8.02656
0.554071	2	1	0	0	-8.02656
0.555071	2	1	0	0	-8.02656
0.556071	2	1	0	0	-8.02656
0.557071	2	1	0	0	-8.02656
0.558071	2	1	0	0	-8.02656
0.559071	2	1	0	0	-8.02656
0.560071	2	1	0	0	-8.02656
0.561071	2	1	0	0	-8.02656
0.562071	2	1	0	0	-8.02656
0.563071	2	1	0	0	-8.02656
0.564071	2	1	0	0	-8.02656
0.565071	2	1	0	0	-8.02656
0.566071	2	1	0	0	-8.02656
0.567071	2	1	0	0	-8.02656
0.568071	2	1	0	0	-8.02656
0.569071	2	1	0	0	-8.02656
0.570071	2	1	0	0	-8.02656
0.571071	2	1	0	0	-8.02656
0.572071	2	1	0	0	-8.02656
0.573071	2	1	0	0	-8.02656
0.574071	2	1	0	0	-8.02656
0.575071	2	1	0	0	-8.02656
0.576071	2	1	0	0	-8.02656
0.577071	2	1	0	0	-8.02656
0.578071	2	1	0	0	-8.02656
0.579071	2	1	0	0	-8.02656
0.580071	2	1	0	0	-8.02656
0.581071	2	1	0	0	-8.02656
0.582071	2	1	0	0	-8.02656
0.583071	2	1	0	0	-8.02656
0.584071	2	1	0	0	-8.02656
0.585071	2	1	0	0	-8.02656
0.586071	2	1	0	0	-8.02656
0.587071	2	1	0	0	-8.02656
0.588071	2	1	0	0	-8.02656
0.589071	2	1	0	0	-8.02656
0.590071	2	1	0	0	-8.02656
0.591071	2	1	0	0	-8.02656
0.592071	2	1	0	0	-8.02656
0.593071	2	1	0	0	-8.02656
0.594071	2	1	0	0	-8.02656
0.595071	2	1	0	0	-8.02656
0.596071	2	1	0	0	-8.02656
0.597071	2	1	0	0	-8.02656
0.598071	2	1	0	0	-8.02656
0.599071	2	1	0	0	-8.02656
0.600071	2	1	0	0	-8.02656
0.601071	2	1	0	0	-8.02656
0.602071	2	1	0	0	-8.02656
0.603071	2	1	0	0	-8.02656
0.604071	2	1	0	0	-8.02656
0.605071	2	1	0	0	-8.02656
0.606071	2	1	0	0	-8.02656
0.607071	2	1	0	0	-8.02656
0.608071	2	1	0	0	-8.02656
0.609071	2	1	0	0	-8.02656
0.610071	2	1	0	0	-8.02656
0.611071	2	1	0	0	-8.02656
0.612071	2	1	0	0	-8.02656
0.613071	2	1	0	0	-8.02656
0.614071	2	1	0	0	-8.02656
0.615071	2	1	0	0	-8.02656
0.616071	2	1	0	0	15.952
0.617071	2	1	0	0	15.952
0.618071	2	1	0	0	15.952
0.619071	2	1	0	0	15.952
0.620071	2	1	0	0	15.952
0.621071	2	1	0	0	15.952
0.622071	2	1	0	0	15.952
0.623071	2	1	0	0	15.952
0.624071	2	1	0	0	15.952
0.625071	2	1	0	0	15.952
0.626071	2	1	0	0	15.952
0.627071	2	1	0	0	15.952
0.628071	2	1	0	0	15.952
0.629071	2	1	0	0	15.952
0.630071	2	1	0	0	15.952
0.631071	2	1	0	0	15.952
0.632071	2	1	0	0	15.952
0.633071	2	1	0	0	15.952
0.634071	2	1	0	0	15.952
0.635071	2	1	0	0	15.952
0.636071	2	1	0	0	15.952
0.637071	2	1	0	0	15.952
0.638071	2	1	0	0	15.952
0.639071	2	1	0	0	15.952
0.640071	2	1	0	0	15.952
0.641071	2	1	0	0	15.952
0.642071	2	1	0	0	15.952
0.643071	2	1	0	0	15.952
0.644071	2	1	0	0	15.952
0.645071	2	1	0	0	15.952
0.646071	2	1	0	0	15.952
0.647071	2	1	0	0	15.952
0.648071	2	1	0	0	15.952
0.649071	2	1	0	0	15.952
0.650071	2	1	0	0	15.952
0.651071	2	1	0	0	15.952
0.652071	2	1	0	0	15.952
0.653071	2	1	0	0	15.952
0.654071	2	1	0	0	15.952
0.655071	2	1	0	0	15.952
0.656071	2	1	0	0	15.952
0.657071	2	1	0	0	15.952
0.658071	2	1	0	0	15.952
0.659071	2	1	0	0	15.952
0.660071	2	1	0	0	15.952
0.661071	2	1	0	0	15.952
0.662071	2	1	0	0	15.952
0.663071	2	1	0	0	15.952
0.664071	2	1	0	0	15.952
0.665071	2	1	0	0	15.952
0.666071	2	1	0	0	15.952
0.667071	2	1	0	0	15.952
0.668071	2	1	0	0	15.952
0.669071	2	1	0	0	15.952
0.670071	2	1	0	0	15.952
0.671071	2	1	0	0	15.952
0.672071	2	1	0	0	15.952
0.673071	2	1	0	0	15.952
0.674071	2	1	0	0	15.952
0.675071	2	1	0	0	15.952
0.676071	2	1	0	0	15.952
0.677071	2	1	0	0	15.952
0.678071	2	1	0	0	15.952
0.679071	2	1	0	0	15.952
0.680071	2	1	0	0	15.952
0.681071	2	1	0	0	15.952
0.682071	2	1	0	0	15.952
0.683071	2	1	0	0	15.952
0.684071	2	1	0	0	15.952
0.685071	2	1	0	0	15.952
0.686071	2	1	0	0	15.952
0.687071	2	1	0	0	15.952
0.688071	2	1	0	0	15.952
0.689071	2	1	0	0	15.952
0.690071	2	1	0	0	15.952
0.691071	2	1	0	0	15.952
0.692071	2	1	0	0	15.952
0.693071	2	1	0	0	15.952
0.694071	2	1	0	0	15.952
0.695071	2	1	0	0	15.952
0.696071	2	1	0	0	15.952
0.697071	2	1	0	0	15.952
0.698071	2	1	0	0	15.952
0.699071	2	1	0	0	15.952
0.700071	2	1	0	0	15.952
0.701071	2	1	0	0	15.952
0.702071	2	1	0	0	15.952
0.703071	2	1	0	0	15.952
0.704071	2	1	0	0	15.952
0.705071	2	1	0	0	15.952
0.706071	2	1	0	0	15.952
0.707071	2	1	0	0	15.952
0.708071	2	1	0	0	15.952
0.709071	2	1	0	0	15.952
0.710071	2	1	0	0	15.952
0.711071	2	1	0	0	15.952
0.712071	2	1	0	0	15.952
0.713071	2	1	0	0	15.952
0.714071	2	1	0	0	15.952
0.715071	2	1	0	0	15.952
0.716071	2	1	0	0	15.952
0.717071	2	1	0	0	-3.80804
0.718071	2	1	0	0	-3.80804
0.719071	2	1	0	0	-3.80804
0.720071	2	1	0	0	-3.80804
0.721071	2	1	0	0	-3.80804
0.722071	2	1	0	0	-3.80804
0.723071	2	1	0	0	-3.80804
0.724071	2	1	0	0	-3.80804
0.725071	2	1	0	0	-3.80804
0.726071	2	1	0	0	-3.80804
0.727071	2	1	0	0	-3.80804
0.728071	2	1	0	0	-3.80804
0.729071	2	1	0	0	-3.80804
0.730071	2	1	0	0	-3.80804
0.731071	2	1	0	0	-3.80804
0.732071	2	1	0	0	-3.80804
0.733071	2	1	0	0	-3.80804
0.734071	2	1	0	0	-3.80804
0.735071	2	1	0	0	-3.80804
0.736071	2	1	0	0	-3.80804
0.737071	2	1	0	0	-3.80804
0.738071	2	1	0	0	-3.80804
0.739071	2	1	0	0	-3.80804
0.740071	2	1	0	0	-3.80804
0.741071	2	1	0	0	-3.80804
0.742071	2	1	0	0	-3.80804
0.743071	2	1	0	0	-3.80804
0.744071	2	1	0	0	-3.80804
0.745071	2	1	0	0	-3.80804
0.746071	2	1	0	0	-3.80804
0.747071	2	1	0	0	-3.80804
0.748071	2	1	0	0	-3.80804
0.749071	2	1	0	0	-3.80804
0.750071	2	1	0	0	-3.80804
0.751071	2	1	0	0	-3.80804
0.752071	2	1	0	0	-3.80804
0.753071	2	1	0	0	-3.80804
0.754071	2	1	0	0	-3.80804
0.755071	2	1	0	0	-3.80804
0.756071	2	1	0	0	-3.80804
0.757071	2	1	0	0	-3.80804
0.758071	2	1	0	0	-3.80804
0.759071	2	1	0	0	-3.80804
0.760071	2	1	0	0	-3.80804
0.761071	2	1	0	0	-3.80804
0.762071	2	1	0	0	-3.80804
0.763071	2	1	0	0	-3.80804
0.764071	2	1	0	0	-3.80804
0.765071	2	1	0	0	-3.80804
0.766071	2	1	0	0	-3.80804
0.767071	2	1	0	0	-3.80804
0.768071	2	1	0	0	-3.80804
0.769071	2	1	0	0	-3.80804
0.770071	2	1	0	0	-3.80804
0.771071	2	1	0	0	-3.80804
0.772071	2	1	0	0	-3.80804
0.773071	2	1	0	0	-3.80804
0.774071	2	1	0	0	-3.80804
0.775071	2	1	0	0	-3.80804
0.776071	2	1	0	0	-3.80804
0.777071	2	1	0	0	-3.80804
0.778071	2	1	0	0	-3.80804
0.779071	2	1	0	0	-3.80804
0.780071	2	1	0	0	-3.80804
0.781071	2	1	0	0	-3.80804
0.782071	2	1	0	0	-3.80804
0.783071	2	1	0	0	-3.80804
0.784071	2	1	0	0	-3.80804
0.785071	2	1	0	0	-3.80804
0.786071	2	1	0	0	-3.80804
0.787071	2	1	0	0	-3.80804
0.788071	2	1	0	0	-3.80804
0.789071	2	1	0	0	-3.80804
0.790071	2	1	0	0	-3.80804
0.791071	2	1	0	0	-3.80804
0.792071	2	1	0	0	-3.80804
0.793071	2	1	0	0	-3.80804
0.794071	2	1	0	0	-3.80804
0.795071	2	1	0	0	-3.80804
0.796071	2	1	0	0	-3.80804
0.797071	2	1	0	0	-3.80804
0.798071	2	1	0	0	-3.80804
0.799071	2	1	0	0	-3.80804
0.800071	2	1	0	0	-3.80804
0.801071	2	1	0	0	-3.80804
0.802071	2	1	0	0	-3.80804
0.803071	2	1	0	0	-3.80804
0.804071	2	1	0	0	-3.80804
0.805071	2	1	0	0	-3.80804
0.806071	2	1	0	0	-3.80804
0.807071	2	1	0	0	-3.80804
0.808071	2	1	0	0	-3.80804
0.809071	2	1	0	0	-3.80804
0.810071	2	1	0	0	-3.80804
0.811071	2	1	0	0	-3.80804
0.812071	2	1	0	0	-3.80804
0.813071	2	1	0	0	-3.80804
0.814071	2	1	0	0	-3.80804
0.815071	2	1	0	0	-3.80804
0.816071	2	1	0	0	-3.80804
0.817071	2	1	0	0	-9.45833
0.818071	2	1	0	0	-9.45833
0.819071	2	1	0	0	-9.45833
0.820071	2	1	0	0	-9.45833
0.821071	2	1	0	0	-9.45833
0.822071	2	1	0	0	-9.45833
0.823071	2	1	0	0	-9.45833
0.824071	2	1	0	0	-9.45833
0.825071	2	1	0	0	-9.45833
0.826071	2	1	0	0	-9.45833
0.827071	2	1	0	0	-9.45833
0.828071	2	1	0	0	-9.45833
0.829071	2	1	0	0	-9.45833
0.830071	2	1	0	0	-9.45833
0.831071	2	1	0	0	-9.45833
0.832071	2	1	0	0	-9.45833
0.833071	2	1	0	0	-9.45833
0.834071	2	1	0	0	-9.45833
0.835071	2	1	0	0	-9.45833
0.836071	2	1	0	0	-9.45833
0.837071	2	1	0	0	-9.45833
0.838071	2	1	0	0	-9.45833
0.839071	2	1	0	0	-9.45833
0.840071	2	1	0	0	-9.45833
0.841071	2	1	0	0	-9.45833
0.842071	2	1	0	0	-9.45833
0.843071	2	1	0	0	-9.45833
0.844071	2	1	0	0	-9.45833
0.845071	2	1	0	0	-9.45833
0.846071	2	1	0	0	-9.45833
0.847071	2	1	0	0	-9.45833
0.848071	2	1	0	0	-9.45833
0.849071	2	1	0	0	-9.45833
0.850071	2	1	0	0	-9.45833
0.851071	2	1	0	0	-9.45833
0.852071	2	1	0	0	-9.45833
0.853071	2	1	0	0	-9.45833
0.854071	2	1	0	0	-9.45833
0.855071	2	1	0	0	-9.45833
0.856071	2	1	0	0	-9.45833
0.857071	2	1	0	0	-9.45833
0.858071	2	1	0	0	-9.45833
0.859071	2	1	0	0	-9.45833
0.860071	2	1	0	0	-9.45833
0.861071	2	1	0	0	-9.45833
0.862071	2	1	0	0	-9.45833
0.863071	2	1	0	0	-9.45833
0.864071	2	1	0	0	-9.45833
0.865071	2	1	0	0	-9.45833
0.866071	2	1	0	0	-9.45833
0.867071	2	1	0	0	-9.45833
0.868071	2	1	0	0	-9.45833
0.869071	2	1	0	0	-9.45833
0.870071	2	1	0	0	-9.45833
0.871071	2	1	0	0	-9.45833
0.872071	2	1	0	0	-9.45833
0.873071	2	1	0	0	-9.45833
0.874071	2	1	0	0	-9.45833
0.875071	2	1	0	0	-9.45833
0.876071	2	1	0	0	-9.45833
0.877071	2	1	0	0	-9.45833
0.878071	2	1	0	0	-9.45833
0.879071	2	1	0	0	-9.45833
0.880071	2	1	0	0	-9.45833
0.881071	2	1	0	0	-9.45833
0.882071	2	1	0	0	-9.45833
0.883071	2	1	0	0	-9.45833
0.884071	2	1	0	0	-9.45833
0.885071	2	1	0	0	-9.45833
0.886071	2	1	0	0	-9.45833
0.887071	2	1	0	0	-9.45833
0.888071	2	1	0	0	-9.45833
0.889071	2	1	0	0	-9.45833
0.890071	2	1	0	0	-9.45833
0.891071	2	1	0	0	-9.45833
0.892071	2	1	0	0	-9.45833
0.893071	2	1	0	0	-9.45833
0.894071	2	1	0	0	-9.45833
0.895071	2	1	0	0	-9.45833
0.896071	2	1	0	0	-9.45833
0.897071	2	1	0	0	-9.45833
0.898071	2	1	0	0	-9.45833
0.899071	2	1	0	0	-9.45833
0.900071	2	1	0	0	-9.45833
0.901071	2	1	0	0	-9.45833
0.902071	2	1	0	0	-9.45833
0.903071	2	1	0	0	-9.45833
0.904071	2	1	0	0	-9.45833
0.905071	2	1	0	0	-9.45833
0.906071	2	1	0	0	-9.45833
0.907071	2	1	0	0	-9.45833
0.908071	2	1	0	0	-9.45833
0.909071	2	1	0	0	-9.45833
0.910071	2	1	0	0	-9.45833
0.911071	2	1	0	0	-9.45833
0.912071	2	1	0	0	-9.45833
0.913071	2	1	0	0	-9.45833
0.914071	2	1	0	0	-9.45833
0.915071	2	1	0	0	-9.45833
0.916071	2	1	0	0	-9.45833
0.917071	2	1	0	0	-8.38526
0.918071	2	1	0	0	-8.38526
0.919071	2	1	0	0	-8.38526
0.920071	2	1	0	0	-8.38526
0.921071	2	1	0	0	-8.38526
0.922071	2	1	0	0	-8.38526
0.923071	2	1	0	0	-8.38526
0.924071	2	1	0	0	-8.38526
0.925071	2	1	0	0	-8.38526
0.926071	2	1	0	0	-8.38526
0.927071	2	1	0	0	-8.38526
0.928071	2	1	0	0	-8.38526
0.929071	2	1	0	0	-8.38526
0.930071	2	1	0	0	-8.38526
0.931071	2	1	0	0	-8.38526
0.932071	2	1	0	0	-8.38526
0.933071	2	1	0	0	-8.38526
0.934071	2	1	0	0	-8.38526
0.935071	2	1	0	0	-8.38526
0.936071	2	1	0	0	-8.38526
0.937071	2	1	0	0	-8.38526
0.938071	2	1	0	0	-8.38526
0.939071	2	1	0	0	-8.38526
0.940071	2	1	0	0	-8.38526
0.941071	2	1	0	0	-8.38526
0.942071	2	1	0	0	-8.38526
0.943071	2	1	0	0	-8.38526
0.944071	2	1	0	0	-8.38526
0.945071	2	1	0	0	-8.38526
0.946071	2	1	0	0	-8.38526
0.947071	2	1	0	0	-8.38526
0.948071	2	1	0	0	-8.38526
0.949071	2	1	0	0	-8.38526
0.950071	2	1	0	0	-8.38526
0.951071	2	1	0	0	-8.38526
0.952071	2	1	0	0	-8.38526
0.953071	2	1	0	0	-8.38526
0.954071	2	1	0	0	-8.38526
0.955071	2	1	0	0	-8.38526
0.956071	2	1	0	0	-8.38526
0.957071	2	1	0	0	-8.38526
0.958071	2	1	0	0	-8.38526
0.959071	2	1	0	0	-8.38526
0.960071	2	1	0	0	-8.38526
0.961071	2	1	0	0	-8.38526
0.962071	2	1	0	0	-8.38526
0.963071	2	1	0	0	-8.38526
0.964071	2	1	0	0	-8.38526
0.965071	2	1	0	0	-8.38526
0.966071	2	1	0	0	-8.38526
0.967071	2	1	0	0	-8.38526
0.968071	2	1	0	0	-8.38526
0.969071	2	1	0	0	-8.38526
0.970071	2	1	0	0	-8.38526
0.971071	2	1	0	0	-8.38526
0.972071	2	1	0	0	-8.38526
0.973071	2	1	0	0	-8.38526
0.974071	2	1	0	0	-8.38526
0.975071	2	1	0	0	-8.38526
0.976071	2	1	0	0	-8.38526
0.977071	2	1	0	0	-8.38526
0.978071	2	1	0	0	-8.38526
0.979071	2	1	0	0	-8.38526
0.980071	2	1	0	0	-8.38526
0.981071	2	1	0	0	-8.38526
0.982071	2	1	0	0	-8.38526
0.983071	2	1	0	0	-8.38526
0.984071	2	1	0	0	-8.38526
0.985071	2	1	0	0	-8.38526
0.986071	2	1	0	0	-8.38526
0.987071	2	1	0	0	-8.38526
0.988071	2	1	0	0	-8.38526
0.989071	2	1	0	0	-8.38526
0.990071	2	1	0	0	-8.38526
0.991071	2	1	0	0	-8.38526
0.992071	2	1	0	0	-8.38526
0.993071	2	1	0	0	-8.38526
0.994071	2	1	0	0	-8.38526
0.995071	2	1	0	0	-8.38526
0.996071	2	1	0	0	-8.38526
0.997071	2	1	0	0	-8.38526
0.998071	2	1	0	0	-8.38526
0.999071	2	1	0	0	-8.38526
1.00007	2	1	0	0	-8.38526
1.00107	2	1	0	0	-8.38526
1.00207	2	1	0	0	-8.38526
1.00307	2	1	0	0	-8.38526
1.00407	2	1	0	0	-8.38526
1.00507	2	1	0	0	-8.38526
1.00607	2	1	0	0	-8.38526
1.00707	2	1	0	0	-8.38526
1.00807	2	1	0	0	-8.38526
1.00907	2	1	0	0	-8.38526
1.01007	2	1	0	0	-8.38526
1.01107	2	1	0	0	-8.38526
1.01207	2	1	0	0	-8.38526
1.01307	2	1	0	0	-8.38526
1.01407	2	1	0	0	-8.38526
1.01507	2	1	0	0	-8.38526
1.01607	2	1	0	0	-8.38526
1.01707	2	1	0	0	-8.38526
1.01807	2	1	0	0	-4.4759
1.01907	2	1	0	0	-4.4759
1.02007	2	1	0	0	-4.4759
1.02107	2	1	0	0	-4.4759
1.02207	2	1	0	0	-4.4759
1.02307	2	1	0	0	-4.4759
1.02407	2	1	0	0	-4.4759
1.02507	2	1	0	0	-4.4759
1.02607	2	1	0	0	-4.4759
1.02707	2	1	0	0	-4.4759
1.02807	2	1	0	0	-4.4759
1.02907	2	1	0	0	-4.4759
1.03007	2	1	0	0	-4.4759
1.03107	2	1	0	0	-4.4759
1.03207	2	1	0	0	-4.4759
1.03307	2	1	0	0	-4.4759
1.03407	2	1	0	0	-4.4759
1.03507	2	1	0	0	-4.4759
1.03607	2	1	0	0	-4.4759
1.03707	2	1	0	0	-4.4759
1.03807	2	1	0	0	-4.4759
1.03907	2	1	0	0	-4.4759
1.04007	2	1	0	0	-4.4759
1.04107	2	1	0	0	-4.4759
1.04207	2	1	0	0	-4.4759
1.04307	2	1	0	0	-4.4759
1.04407	2	1	0	0	-4.4759
1.04507	2	1	0	0	-4.4759
1.04607	2	1	0	0	-4.4759
1.04707	2	1	0	0	-4.4759
1.04807	2	1	0	0	-4.4759
1.04907	2	1	0	0	-4.4759
1.05007	2	1	0	0	-4.4759
1.05107	2	1	0	0	-4.4759
1.05207	2	1	0	0	-4.4759
1.05307	2	1	0	0	-4.4759
1.05407	2	1	0	0	-4.4759
1.05507	2	1	0	0	-4.4759
1.05607	2	1	0	0	-4.4759
1.05707	2	1	0	0	-4.4759
1.05807	2	1	0	0	-4.4759
1.05907	2	1	0	0	-4.4759
1.06007	2	1	0	0	-4.4759
1.06107	2	1	0	0	-4.4759
1.06207	2	1	0	0	-4.4759
1.06307	2	1	0	0	-4.4759
1.06407	2	1	0	0	-4.4759
1.06507	2	1	0	0	-4.4759
1.06607	2	1	0	0	-4.4759
1.06707	2	1	0	0	-4.4759
1.06807	2	1	0	0	-4.4759
1.06907	2	1	0	0	-4.4759
1.07007	2	1	0	0	-4.4759
1.07107	2	1	0	0	-4.4759
1.07207	2	1	0	0	-4.4759
1.07307	2	1	0	0	-4.4759
1.07407	2	1	0	0	-4.4759
1.07507	2	1	0	0	-4.4759
1.07607	2	1	0	0	-4.4759
1.07707	2	1	0	0	-4.4759
1.07807	2	1	0	0	-4.4759
1.07907	2	1	0	0	-4.4759
1.08007	2	1	0	0	-4.4759
1.08107	2	1	0	0	-4.4759
1.08207	2	1	0	0	-4.4759
1.08307	2	1	0	0	-4.4759
1.08407	2	1	0	0	-4.4759
1.08507	2	1	0	0	-4.4759
1.08607	2	1	0	0	-4.4759
1.08707	2	1	0	0	-4.4759
1.08807	2	1	0	0	-4.4759
1.08907	2	1	0	0	-4.4759
1.09007	2	1	0	0	-4.4759
1.09107	2	1	0	0	-4.4759
1.09207	2	1	0	0	-4.4759
1.09307	2	1	0	0	-4.4759
1.09407	2	1	0	0	-4.4759
1.09507	2	1	0	0	-4.4759
1.09607	2	1	0	0	-4.4759
1.09707	2	1	0	0	-4.4759
1.09807	2	1	0	0	-4.4759
1.09907	2	1	0	0	-4.4759
1.10007	2	1	0	0	-4.4759
1.10107	2	1	0	0	-4.4759
1.10207	2	1	0	0	-4.4759
1.10307	2	1	0	0	-4.4759
1.10407	2	1	0	0	-4.4759
1.10507	2	1	0	0	-4.4759
1.10607	2	1	0	0	-4.4759
1.10707	2	1	0	0	-4.4759
1.10807	2	1	0	0	-4.4759
1.10907	2	1	0	0	-4.4759
1.11007	2	1	0	0	-4.4759
1.11107	2	1	0	0	-4.4759
1.11207	2	1	0	0	-4.4759
1.11307	2	1	0	0	-4.4759
1.11407	2	1	0	0	-4.4759
1.11507	2	1	0	0	-4.4759
1.11607	2	1	0	0	-4.4759
1.11707	2	1	0	0	-4.4759
1.11807	2	1	0	0	-9.71946
1.11907	2	1	0	0	-9.71946
1.12007	2	1	0	0	-9.71946
1.12107	2	1	0	0	-9.71946
1.12207	2	1	0	0	-9.71946
1.12307	2	1	0	0	-9.71946
1.12407	2	1	0	0	-9.71946
1.12507	2	1	0	0	-9.71946
1.12607	2	1	0	0	-9.71946
1.12707	2	1	0	0	-9.71946
1.12807	2	1	0	0	-9.71946
1.12907	2	1	0	0	-9.71946
1.13007	2	1	0	0	-9.71946
1.13107	2	1	0	0	-9.71946
1.13207	2	1	0	0	-9.71946
1.13307	2	1	0	0	-9.71946
1.13407	2	1	0	0	-9.71946
1.13507	2	1	0	0	-9.71946
1.13607	2	1	0	0	-9.71946
1.13707	2	1	0	0	-9.71946
1.13807	2	1	0	0	-9.71946
1.13907	2	1	0	0	-9.71946
1.14007	2	1	0	0	-9.71946
1.14107	2	1	0	0	-9.71946
1.14207	2	1	0	0	-9.71946
1.14307	2	1	0	0	-9.71946
1.14407	2	1	0	0	-9.71946
1.14507	2	1	0	0	-9.71946
1.14607	2	1	0	0	-9.71946
1.14707	2	1	0	0	-9.71946
1.14807	2	1	0	0	-9.71946
1.14907	2	1	0	0	-9.71946
1.15007	2	1	0	0	-9.71946
1.15107	2	1	0	0	-9.71946
1.15207	2	1	0	0	-9.71946
1.15307	2	1	0	0	-9.71946
1.15407	2	1	0	0	-9.71946
1.15507	2	1	0	0	-9.71946
1.15607	2	1	0	0	-9.71946
1.15707	2	1	0	0	-9.71946
1.15807	2	1	0	0	-9.71946
1.15907	2	1	0	0	-9.71946
1.16007	2	1	0	0	-9.71946
1.16107	2	1	0	0	-9.71946
1.16207	2	1	0	0	-9.71946
1.16307	2	1	0	0	-9.71946
1.16407	2	1	0	0	-9.71946
1.16507	2	1	0	0	-9.71946
1.16607	2	1	0	0	-9.71946
1.16707	2	1	0	0	-9.71946
1.16807	2	1	0	0	-9.71946
1.16907	2	1	0	0	-9.71946
1.17007	2	1	0	0	-9.71946
1.17107	2	1	0	0	-9.71946
1.17207	2	1	0	0	-9.71946
1.17307	2	1	0	0	-9.71946
1.17407	2	1	0	0	-9.71946
1.17507	2	1	0	0	-9.71946
1.17607	2	1	0	0	-9.71946
1.17707	2	1	0	0	-9.71946
1.17807	2	1	0	0	-9.71946
1.17907	2	1	0	0	-9.71946
1.18007	2	1	0	0	-9.71946
1.18107	2	1	0	0	-9.71946
1.18207	2	1	0	0	-9.71946
1.18307	2	1	0	0	-9.71946
1.18407	2	1	0	0	-9.71946
1.18507	2	1	0	0	-9.71946
1.18607	2	1	0	0	-9.71946
1.18707	2	1	0	0	-9.71946
1.18807	2	1	0	0	-9.71946
1.18907	2	1	0	0	-9.71946
1.19007	2	1	0	0	-9.71946
1.19107	2	1	0	0	-9.71946
1.19207	2	1	0	0	-9.71946
1.19307	2	1	0	0	-9.71946
1.19407	2	1	0	0	-9.71946
1.19507	2	1	0	0	-9.71946
1.19607	2	1	0	0	-9.71946
1.19707	2	1	0	0	-9.71946
1.19807	2	1	0	0	-9.71946
1.19907	2	1	0	0	-9.71946
1.20007	2	1	0	0	-9.71946
1.20107	2	1	0	0	-9.71946
1.20207	2	1	0	0	-9.71946
1.20307	2	1	0	0	-9.71946
1.20407	2	1	0	0	-9.71946
1.20507	2	1	0	0	-9.71946
1.20607	2	1	0	0	-9.71946
1.20707	2	1	0	0	-9.71946
1.20807	2	1	0	0	-9.71946
1.20907	2	1	0	0	-9.71946
1.21007	2	1	0	0	-9.71946
1.21107	2	1	0	0	-9.71946
1.21207	2	1	0	0	-9.71946
1.21307	2	1	0	0	-9.71946
1.21407	2	1	0	0	-9.71946
1.21507	2	1	0	0	-9.71946
1.21607	2	1	0	0	-9.71946
1.21707	2	1	0	0	-9.71946
1.21807	2	1	0	0	-2.19553
1.21907	2	1	0	0	-2.19553
1.22007	2	1	0	0	-2.19553
1.22107	2	1	0	0	-2.19553
1.22207	2	1	0	0	-2.19553
1.22307	2	1	0	0	-2.19553
1.22407	2	1	0	0	-2.19553
1.22507	2	1	0	0	-2.19553
1.22607	2	1	0	0	-2.19553
1.22707	2	1	0	0	-2.19553
1.22807	2	1	0	0	-2.19553
1.22907	2	1	0	0	-2.19553
1.23007	2	1	0	0	-2.19553
1.23107	2	1	0	0	-2.19553
1.23207	2	1	0	0	-2.19553
1.23307	2	1	0	0	-2.19553
1.23407	2	1	0	0	-2.19553
1.23507	2	1	0	0	-2.19553
1.23607	2	1	0	0	-2.19553
1.23707	2	1	0	0	-2.19553
1.23807	2	1	0	0	-2.19553
1.23907	2	1	0	0	-2.19553
1.24007	2	1	0	0	-2.19553
1.24107	2	1	0	0	-2.19553
1.24207	2	1	0	0	-2.19553
1.24307	2	1	0	0	-2.19553
1.24407	2	1	0	0	-2.19553
1.24507	2	1	0	0	-2.19553
1.24607	2	1	0	0	-2.19553
1.24707	2	1	0	0	-2.19553
1.24807	2	1	0	0	-2.19553
1.24907	2	1	0	0	-2.19553
1.25007	2	1	0	0	-2.19553
1.25107	2	1	0	0	-2.19553
1.25207	2	1	0	0	-2.19553
1.25307	2	1	0	0	-2.19553
1.25407	2	1	0	0	-2.19553
1.25507	2	1	0	0	-2.19553
1.25607	2	1	0	0	-2.19553
1.25707	2	1	0	0	-2.19553
1.25807	2	1	0	0	-2.19553
1.25907	2	1	0	0	-2.19553
1.26007	2	1	0	0	-2.19553
1.26107	2	1	0	0	-2.19553
1.26207	2	1	0	0	-2.19553
1.26307	2	1	0	0	-2.19553
1.26407	2	1	0	0	-2.19553
1.26507	2	1	0	0	-2.19553
1.26607	2	1	0	0	-2.19553
1.26707	2	1	0	0	-2.19553
1.26807	2	1	0	0	-2.19553
1.26907	2	1	0	0	-2.19553
1.27007	2	1	0	0	-2.19553
1.27107	2	1	0	0	-2.19553
1.27207	2	1	0	0	-2.19553
1.27307	2	1	0	0	-2.19553
1.27407	2	1	0	0	-2.19553
1.27507	2	1	0	0	-2.19553
1.27607	2	1	0	0	-2.19553
1.27707	2	1	0	0	-2.19553
1.27807	2	1	0	0	-2.19553
1.27907	2	1	0	0	-2.19553
1.28007	2	1	0	0	-2.19553
1.28107	2	1	0	0	-2.19553
1.28207	2	1	0	0	-2.19553
1.28307	2	1	0	0	-2.19553
1.28407	2	1	0	0	-2.19553
1.28507	2	1	0	0	-2.19553
1.28607	2	1	0	0	-2.19553
1.28707	2	1	0	0	-2.19553
1.28807	2	1	0	0	-2.19553
1.28907	2	1	0	0	-2.19553
1.29007	2	1	0	0	-2.19553
1.29107	2	1	0	0	-2.19553
1.29207	2	1	0	0	-2.19553
1.29307	2	1	0	0	-2.19553
1.29407	2	1	0	0	-2.19553
1.29507	2	1	0	0	-2.19553
1.29607	2	1	0	0	-2.19553
1.29707	2	1	0	0	-2.19553
1.29807	2	1	0	0	-2.19553
1.29907	2	1	0	0	-2.19553
1.30007	2	1	0	0	-2.19553
1.30107	2	1	0	0	-2.19553
1.30207	2	1	0	0	-2.19553
1.30307	2	1	0	0	-2.19553
1.30407	2	1	0	0	-2.19553
1.30507	2	1	0	0	-2.19553
1.30607	2	1	0	0	-2.19553
1.30707	2	1	0	0	-2.19553
1.30807	2	1	0	0	-2.19553
1.30907	2	1	0	0	-2.19553
1.31007	2	1	0	0	-2.19553
1.31107	2	1	0	0	-2.19553
1.31207	2	1	0	0	-2.19553
1.31307	2	1	0	0	-2.19553
1.31407	2	1	0	0	-2.19553
1.31507	2	1	0	0	-2.19553
1.31607	2	1	0	0	-2.19553
1.31707	2	1	0	0	-2.19553
1.31807	2	1	0	0	-2.19553
1.31907	2	1	0	0	17.6207
1.32007	2	1	0	0	17.6207
1.32107	2	1	0	0	17.6207
1.32207	2	1	0	0	17.6207
1.32307	2	1	0	0	17.6207
1.32407	2	1	0	0	17.6207
1.32507	2	1	0	0	17.6207
1.32607	2	1	0	0	17.6207
1.32707	2	1	0	0	17.6207
1.32807	2	1	0	0	17.6207
1.32907	2	1	0	0	17.6207
1.33007	2	1	0	0	17.6207
1.33107	2	1	0	0	17.6207
1.33207	2	1	0	0	17.6207
1.33307	2	1	0	0	17.6207
1.33407	2	1	0	0	17.6207
1.33507	2	1	0	0	17.6207
1.33607	2	1	0	0	17.6207
1.33707	2	1	0	0	17.6207
1.33807	2	1	0	0	17.6207
1.33907	2	1	0	0	17.6207
1.34007	2	1	0	0	17.6207
1.34107	2	1	0	0	17.6207
1.34207	2	1	0	0	17.6207
1.34307	2	1	0	0	17.6207
1.34407	2	1	0	0	17.6207
1.34507	2	1	0	0	17.6207
1.34607	2	1	0	0	17.6207
1.34707	2	1	0	0	17.6207
1.34807	2	1	0	0	17.6207
1.34907	2	1	0	0	17.6207
1.35007	2	1	0	0	17.6207
1.35107	2	1	0	0	17.6207
1.35207	2	1	0	0	17.6207
1.35307	2	1	0	0	17.6207
1.35407	2	1	0	0	17.6207
1.35507	2	1	0	0	17.6207
1.35607	2	1	0	0	17.6207
1.35707	2	1	0	0	17.6207
1.35807	2	1	0	0	17.6207
1.35907	2	1	0	0	17.6207
1.36007	2	1	0	0	17.6207
1.36107	2	1	0	0	17.6207
1.36207	2	1	0	0	17.6207
1.36307	2	1	0	0	17.6207
1.36407	2	1	0	0	17.6207
1.36507	2	1	0	0	17.6207
1.36607	2	1	0	0	17.6207
1.36707	2	1	0	0	17.6207
1.36807	2	1	0	0	17.6207
1.36907	2	1	0	0	17.6207
1.37007	2	1	0	0	17.6207
1.37107	2	1	0	0	17.6207
1.37207	2	1	0	0	17.6207
1.37307	2	1	0	0	17.6207
1.37407	2	1	0	0	17.6207
1.37507	2	1	0	0	17.6207
1.37607	2	1	0	0	17.6207
1.37707	2	1	0	0	17.6207
1.37807	2	1	0	0	17.6207
1.37907	2	1	0	0	17.6207
1.38007	2	1	0	0	17.6207
1.38107	2	1	0	0	17.6207
1.38207	2	1	0	0	17.6207
1.38307	2	1	0	0	17.6207
1.38407	2	1	0	0	17.6207
1.38507	2	1	0	0	17.6207
1.38607	2	1	0	0	17.6207
1.38707	2	1	0	0	17.6207
1.38807	2	1	0	0	17.6207
1.38907	2	1	0	0	17.6207
1.39007	2	1	0	0	17.6207
1.39107	2	1	0	0	17.6207
1.39207	2	1	0	0	17.6207
1.39307	2	1	0	0	17.6207
1.39407	2	1	0	0	17.6207
1.39507	2	1	0	0	17.6207
1.39607	2	1	0	0	17.6207
1.39707	2	1	0	0	17.6207
1.39807	2	1	0	0	17.6207
1.39907	2	1	0	0	17.6207
1.40007	2	1	0	0	17.6207
1.40107	2	1	0	0	17.6207
1.40207	2	1	0	0	17.6207
1.40307	2	1	0	0	17.6207
1.40407	2	1	0	0	17.6207
1.40507	2	1	0	0	17.6207
1.40607	2	1	0	0	17.6207
1.40707	2	1	0	0	17.6207
1.40807	2	1	0	0	17.6207
1.40907	2	1	0	0	17.6207
1.41007	2	1	0	0	17.6207
1.41107	2	1	0	0	17.6207
1.41207	2	1	0	0	17.6207
1.41307	2	1	0	0	17.6207
1.41407	2	1	0	0	17.6207
1.41507	2	1	0	0	17.6207
1.41607	2	1	0	0	17.6207
1.41707	2	1	0	0	17.6207
1.41807	2	1	0	0	17.6207
1.41907	2	1	0	0	-3.9876
1.42007	2	1	0	0	-3.9876
1.42107	2	1	0	0	-3.9876
1.42207	2	1	0	0	-3.9876
1.42307	2	1	0	0	-3.9876
1.42407	2	1	0	0	-3.9876
1.42507	2	1	0	0	-3.9876
1.42607	2	1	0	0	-3.9876
1.42707	2	1	0	0	-3.9876
1.42807	2	1	0	0	-3.9876
1.42907	2	1	0	0	-3.9876
1.43007	2	1	0	0	-3.9876
1.43107	2	1	0	0	-3.9876
1.43207	2	1	0	0	-3.9876
1.43307	2	1	0	0	-3.9876
1.43407	2	1	0	0	-3.9876
1.43507	2	1	0	0	-3.9876
1.43607	2	1	0	0	-3.9876
1.43707	2	1	0	0	-3.9876
1.43807	2	1	0	0	-3.9876
1.43907	2	1	0	0	-3.9876
1.44007	2	1	0	0	-3.9876
1.44107	2	1	0	0	-3.9876
1.44207	2	1	0	0	-3.9876
1.44307	2	1	0	0	-3.9876
1.44407	2	1	0	0	-3.9876
1.44507	2	1	0	0	-3.9876
1.44607	2	1	0	0	-3.9876
1.44707	2	1	0	0	-3.9876
1.44807	2	1	0	0	-3.9876
1.44907	2	1	0	0	-3.9876
1.45007	2	1	0	0	-3.9876
1.45107	2	1	0	0	-3.9876
1.45207	2	1	0	0	-3.9876
1.45307	2	1	0	0	-3.9876
1.45407	2	1	0	0	-3.9876
1.45507	2	1	0	0	-3.9876
1.45607	2	1	0	0	-3.9876
1.45707	2	1	0	0	-3.9876
1.45807	2	1	0	0	-3.9876
1.45907	2	1	0	0	-3.9876
1.46007	2	1	0	0	-3.9876
1.46107	2	1	0	0	-3.9876
1.46207	2	1	0	0	-3.9876
1.46307	2	1	0	0	-3.9876
1.46407	2	1	0	0	-3.9876
1.46507	2	1	0	0	-3.9876
1.46607	2	1	0	0	-3.9876
1.46707	2	1	0	0	-3.9876
1.46807	2	1	0	0	-3.9876
1.46907	2	1	0	0	-3.9876
1.47007	2	1	0	0	-3.9876
1.47107	2	1	0	0	-3.9876
1.47207	2	1	0	0	-3.9876
1.47307	2	1	0	0	-3.9876
1.47407	2	1	0	0	-3.9876
1.47507	2	1	0	0	-3.9876
1.47607	2	1	0	0	-3.9876
1.47707	2	1	0	0	-3.9876
1.47807	2	1	0	0	-3.9876
1.47907	2	1	0	0	-3.9876
1.48007	2	1	0	0	-3.9876
1.48107	2	1	0	0	-3.9876
1.48207	2	1	0	0	-3.9876
1.48307	2	1	0	0	-3.9876
1.48407	2	1	0	0	-3.9876
1.48507	2	1	0	0	-3.9876
1.48607	2	1	0	0	-3.9876
1.48707	2	1	0	0	-3.9876
1.48807	2	1	0	0	-3.9876
1.48907	2	1	0	0	-3.9876
1.49007	2	1	0	0	-3.9876
1.49107	2	1	0	0	-3.9876
1.49207	2	1	0	0	-3.9876
1.49307	2	1	0	0	-3.9876
1.49407	2	1	0	0	-3.9876
1.49507	2	1	0	0	-3.9876
1.49607	2	1	0	0	-3.9876
1.49707	2	1	0	0	-3.9876
1.49807	2	1	0	0	-3.9876
1.49907	2	1	0	0	-3.9876
1.50007	2	1	0	0	-3.9876
1.50107	2	1	0	0	-3.9876
1.50207	2	1	0	0	-3.9876
1.50307	2	1	0	0	-3.9876
1.50407	2	1	0	0	-3.9876
1.50507	2	1	0	0	-3.9876
1.50607	2	1	0	0	-3.9876
1.50707	2	1	0	0	-3.9876
1.50807	2	1	0	0	-3.9876
1.50907	2	1	0	0	-3.9876
1.51007	2	1	0	0	-3.9876
1.51107	2	1	0	0	-3.9876
1.51207	2	1	0	0	-3.9876
1.51307	2	1	0	0	-3.9876
1.51407	2	1	0	0	-3.9876
1.51507	2	1	0	0	-3.9876
1.51607	2	1	0	0	-3.9876
1.51707	2	1	0	0	-3.9876
1.51807	2	1	0	0	-3.9876
1.51907	2	1	0	0	-5.09547
1.52007	2	1	0	0	-5.09547
1.52107	2	1	0	0	-5.09547
1.52207	2	1	0	0	-5.09547
1.52307	2	1	0	0	-5.09547
1.52407	2	1	0	0	-5.09547
1.52507	2	1	0	0	-5.09547
1.52607	2	1	0	0	-5.09547
1.52707	2	1	0	0	-5.09547
1.52807	2	1	0	0	-5.09547
1.52907	2	1	0	0	-5.09547
1.53007	2	1	0	0	-5.09547
1.53107	2	1	0	0	-5.09547
1.53207	2	1	0	0	-5.09547
1.53307	2	1	0	0	-5.09547
1.53407	2	1	0	0	-5.09547
1.53507	2	1	0	0	-5.09547
1.53607	2	1	0	0	-5.09547
1.53707	2	1	0	0	-5.09547
1.53807	2	1	0	0	-5.09547
1.53907	2	1	0	0	-5.09547
1.54007	2	1	0	0	-5.09547
1.54107	2	1	0	0	-5.09547
1.54207	2	1	0	0	-5.09547
1.54307	2	1	0	0	-5.09547
1.54407	2	1	0	0	-5.09547
1.54507	2	1	0	0	-5.09547
1.54607	2	1	0	0	-5.09547
1.54707	2	1	0	0	-5.09547
1.54807	2	1	0	0	-5.09547
1.54907	2	1	0	0	-5.09547
1.55007	2	1	0	0	-5.09547
1.55107	2	1	0	0	-5.09547
1.55207	2	1	0	0	-5.09547
1.55307	2	1	0	0	-5.09547
1.55407	2	1	0	0	-5.09547
1.55507	2	1	0	0	-5.09547
1.55607	2	1	0	0	-5.09547
1.55707	2	1	0	0	-5.09547
1.55807	2	1	0	0	-5.09547
1.55907	2	1	0	0	-5.09547
1.56007	2	1	0	0	-5.09547
1.56107	2	1	0	0	-5.09547
1.56207	2	1	0	0	-5.09547
1.56307	2	1	0	0	-5.09547
1.56407	2	1	0	0	-5.09547
1.56507	2	1	0	0	-5.09547
1.56607	2	1	0	0	-5.09547
1.56707	2	1	0	0	-5.09547
1.56807	2	1	0	0	-5.09547
1.56907	2	1	0	0	-5.09547
1.57007	2	1	0	0	-5.09547
1.57107	2	1	0	0	-5.09547
1.57207	2	1	0	0	-5.09547
1.57307	2	1	0	0	-5.09547
1.57407	2	1	0	0	-5.09547
1.57507	2	1	0	0	-5.09547
1.57607	2	1	0	0	-5.09547
1.57707	2	1	0	0	-5.09547
1.57807	2	1	0	0	-5.09547
1.57907	2	1	0	0	-5.09547
1.58007	2	1	0	0	-5.09547
1.58107	2	1	0	0	-5.09547
1.58207	2	1	0	0	-5.09547
1.58307	2	1	0	0	-5.09547
1.58407	2	1	0	0	-5.09547
1.58507	2	1	0	0	-5.09547
1.58607	2	1	0	0	-5.09547
1.58707	2	1	0	0	-5.09547
1.58807	2	1	0	0	-5.09547
1.58907	2	1	0	0	-5.09547
1.59007	2	1	0	0	-5.09547
1.59107	2	1	0	0	-5.09547
1.59207	2	1	0	0	-5.09547
1.59307	2	1	0	0	-5.09547
1.59407	2	1	0	0	-5.09547
1.59507	2	1	0	0	-5.09547
1.59607	2	1	0	0	-5.09547
1.59707	2	1	0	0	-5.09547
1.59807	2	1	0	0	-5.09547
1.59907	2	1	0	0	-5.09547
1.60007	2	1	0	0	-5.09547
1.60107	2	1	0	0	-5.09547
1.60207	2	1	0	0	-5.09547
1.60307	2	1	0	0	-5.09547
1.60407	2	1	0	0	-5.09547
1.60507	2	1	0	0	-5.09547
1.60607	2	1	0	0	-5.09547
1.60707	2	1	0	0	-5.09547
1.60807	2	1	0	0	-5.09547
1.60907	2	1	0	0	-5.09547
1.61007	2	1	0	0	-5.09547
1.61107	2	1	0	0	-5.09547
1.61207	2	1	0	0	-5.09547
1.61307	2	1	0	0	-5.09547
1.61407	2	1	0	0	-5.09547
1.61507	2	1	0	0	-5.09547
1.61607	2	1	0	0	-5.09547
1.61707	2	1	0	0	-5.09547
1.61807	2	1	0	0	-5.09547
1.61907	2	1	0	0	-5.09547
1.62007	2	1	0	0	-6.76206
1.62107	2	1	0	0	-6.76206
1.62207	2	1	0	0	-6.76206
1.62307	2	1	0	0	-6.76206
1.62407	2	1	0	0	-6.76206
1.62507	2	1	0	0	-6.76206
1.62607	2	1	0	0	-6.76206
1.62707	2	1	0	0	-6.76206
1.62807	2	1	0	0	-6.76206
1.62907	2	1	0	0	-6.76206
1.63007	2	1	0	0	-6.76206
1.63107	2	1	0	0	-6.76206
1.63207	2	1	0	0	-6.76206
1.63307	2	1	0	0	-6.76206
1.63407	2	1	0	0	-6.76206
1.63507	2	1	0	0	-6.76206
1.63607	2	1	0	0	-6.76206
1.63707	2	1	0	0	-6.76206
1.63807	2	1	0	0	-6.76206
1.63907	2	1	0	0	-6.76206
1.64007	2	1	0	0	-6.76206
1.64107	2	1	0	0	-6.76206
1.64207	2	1	0	0	-6.76206
1.64307	2	1	0	0	-6.76206
1.64407	2	1	0	0	-6.76206
1.64507	2	1	0	0	-6.76206
1.64607	2	1	0	0	-6.76206
1.64707	2	1	0	0	-6.76206
1.64807	2	1	0	0	-6.76206
1.64907	2	1	0	0	-6.76206
1.65007	2	1	0	0	-6.76206
1.65107	2	1	0	0	-6.76206
1.65207	2	1	0	0	-6.76206
1.65307	2	1	0	0	-6.76206
1.65407	2	1	0	0	-6.76206
1.65507	2	1	0	0	-6.76206
1.65607	2	1	0	0	-6.76206
1.65707	2	1	0	0	-6.76206
1.65807	2	1	0	0	-6.76206
1.65907	2	1	0	0	-6.76206
1.66007	2	1	0	0	-6.76206
1.66107	2	1	0	0	-6.76206
1.66207	2	1	0	0	-6.76206
1.66307	2	1	0	0	-6.76206
1.66407	2	1	0	0	-6.76206
1.66507	2	1	0	0	-6.76206
1.66607	2	1	0	0	-6.76206
1.66707	2	1	0	0	-6.76206
1.66807	2	1	0	0	-6.76206
1.66907	2	1	0	0	-6.76206
1.67007	2	1	0	0	-6.76206
1.67107	2	1	0	0	-6.76206
1.67207	2	1	0	0	-6.76206
1.67307	2	1	0	0	-6.76206
1.67407	2	1	0	0	-6.76206
1.67507	2	1	0	0	-6.76206
1.67607	2	1	0	0	-6.76206
1.67707	2	1	0	0	-6.76206
1.67807	2	1	0	0	-6.76206
1.67907	2	1	0	0	-6.76206
1.68007	2	1	0	0	-6.76206
1.68107	2	1	0	0	-6.76206
1.68207	2	1	0	0	-6.76206
1.68307	2	1	0	0	-6.76206
1.68407	2	1	0	0	-6.76206
1.68507	2	1	0	0	-6.76206
1.68607	2	1	0	0	-6.76206
1.68707	2	1	0	0	-6.76206
1.68807	2	1	0	0	-6.76206
1.68907	2	1	0	0	-6.76206
1.69007	2	1	0	0	-6.76206
1.69107	2	1	0	0	-6.76206
1.69207	2	1	0	0	-6.76206
1.69307	2	1	0	0	-6.76206
1.69407	2	1	0	0	-6.76206
1.69507	2	1	0	0	-6.76206
1.69607	2	1	0	0	-6.76206
1.69707	2	1	0	0	-6.76206
1.69807	2	1	0	0	-6.76206
1.69907	2	1	0	0	-6.76206
1.70007	2	1	0	0	-6.76206
1.70107	2	1	0	0	-6.76206
1.70207	2	1	0	0	-6.76206
1.70307	2	1	0	0	-6.76206
1.70407	2	1	0	0	-6.76206
1.70507	2	1	0	0	-6.76206
1.70607	2	1	0	0	-6.76206
1.70707	2	1	0	0	-6.76206
1.70807	2	1	0	0	-6.76206
1.70907	2	1	0	0	-6.76206
1.71007	2	1	0	0	-6.76206
1.71107	2	1	0	0	-6.76206
1.71207	2	1	0	0	-6.76206
1.71307	2	1	0	0	-6.76206
1.71407	2	1	0	0	-6.76206
1.71507	2	1	0	0	-6.76206
1.71607	2	1	0	0	-6.76206
1.71707	2	1	0	0	-6.76206
1.71807	2	1	0	0	-6.76206
1.71907	2	1	0	0	-6.76206
1.72007	2	1	0	0	-5.56087
1.72107	2	1	0	0	-5.56087
1.72207	2	1	0	0	-5.56087
1.72307	2	1	0	0	-5.56087
1.72407	2	1	0	0	-5.56087
1.72507	2	1	0	0	-5.56087
1.72607	2	1	0	0	-5.56087
1.72707	2	1	0	0	-5.56087
1.72807	2	1	0	0	-5.56087
1.72907	2	1	0	0	-5.56087
1.73007	2	1	0	0	-5.56087
1.73107	2	1	0	0	-5.56087
1.73207	2	1	0	0	-5.56087
1.73307	2	1	0	0	-5.56087
1.73407	2	1	0	0	-5.56087
1.73507	2	1	0	0	-5.56087
1.73607	2	1	0	0	-5.56087
1.73707	2	1	0	0	-5.56087
1.73807	2	1	0	0	-5.56087
1.73907	2	1	0	0	-5.56087
1.74007	2	1	0	0	-5.56087
1.74107	2	1	0	0	-5.56087
1.74207	2	1	0	0	-5.56087
1.74307	2	1	0	0	-5.56087
1.74407	2	1	0	0	-5.56087
1.74507	2	1	0	0	-5.56087
1.74607	2	1	0	0	-5.56087
1.74707	2	1	0	0	-5.56087
1.74807	2	1	0	0	-5.56087
1.74907	2	1	0	0	-5.56087
1.75007	2	1	0	0	-5.56087
1.75107	2	1	0	0	-5.56087
1.75207	2	1	0	0	-5.56087
1.75307	2	1	0	0	-5.56087
1.75407	2	1	0	0	-5.56087
1.75507	2	1	0	0	-5.56087
1.75607	2	1	0	0	-5.56087
1.75707	2	1	0	0	-5.56087
1.75807	2	1	0	0	-5.56087
1.75907	2	1	0	0	-5.56087
1.76007	2	1	0	0	-5.56087
1.76107	2	1	0	0	-5.56087
1.76207	2	1	0	0	-5.56087
1.76307	2	1	0	0	-5.56087
1.76407	2	1	0	0	-5.56087
1.76507	2	1	0	0	-5.56087
1.76607	2	1	0	0	-5.56087
1.76707	2	1	0	0	-5.56087
1.76807	2	1	0	0	-5.56087
1.76907	2	1	0	0	-5.56087
1.77007	2	1	0	0	-5.56087
1.77107	2	1	0	0	-5.56087
1.77207	2	1	0	0	-5.56087
1.77307	2	1	0	0	-5.56087
1.77407	2	1	0	0	-5.56087
1.77507	2	1	0	0	-5.56087
1.77607	2	1	0	0	-5.56087
1.77707	2	1	0	0	-5.56087
1.77807	2	1	0	0	-5.56087
1.77907	2	1	0	0	-5.56087
1.78007	2	1	0	0	-5.56087
1.78107	2	1	0	0	-5.56087
1.78207	2	1	0	0	-5.56087
1.78307	2	1	0	0	-5.56087
1.78407	2	1	0	0	-5.56087
1.78507	2	1	0	0	-5.56087
1.78607	2	1	0	0	-5.56087
1.78707	2	1	0	0	-5.56087
1.78807	2	1	0	0	-5.56087
1.78907	2	1	0	0	-5.56087
1.79007	2	1	0	0	-5.56087
1.79107	2	1	0	0	-5.56087
1.79207	2	1	0	0	-5.56087
1.79307	2	1	0	0	-5.56087
1.79407	2	1	0	0	-5.56087
1.79507	2	1	0	0	-5.56087
1.79607	2	1	0	0	-5.56087
1.79707	2	1	0	0	-5.56087
1.79807	2	1	0	0	-5.56087
1.79907	2	1	0	0	-5.56087
1.80007	2	1	0	0	-5.56087
1.80107	2	1	0	0	-5.56087
1.80207	2	1	0	0	-5.56087
1.80307	2	1	0	0	-5.56087
1.80407	2	1	0	0	-5.56087
1.80507	2	1	0	0	-5.56087
1.80607	2	1	0	0	-5.56087
1.80707	2	1	0	0	-5.56087
1.80807	2	1	0	0	-5.56087
1.80907	2	1	0	0	-5.56087
1.81007	2	1	0	0	-5.56087
1.81107	2	1	0	0	-5.56087
1.81207	2	1	0	0	-5.56087
1.81307	2	1	0	0	-5.56087
1.81407	2	1	0	0	-5.56087
1.81507	2	1	0	0	-5.56087
1.81607	2	1	0	0	-5.56087
1.81707	2	1	0	0	-5.56087
1.81807	2	1	0	0	-5.56087
1.81907	2	1	0	0	-5.56087
1.82007	2	1	0	0	16.5846
1.82107	2	1	0	0	16.5846
1.82207	2	1	0	0	16.5846
1.82307	2	1	0	0	16.5846
1.82407	2	1	0	0	16.5846
1.82507	2	1	0	0	16.5846
1.82607	2	1	0	0	16.5846
1.82707	2	1	0	0	16.5846
1.82807	2	1	0	0	16.5846
1.82907	2	1	0	0	16.5846
1.83007	2	1	0	0	16.5846
1.83107	2	1	0	0	16.5846
1.83207	2	1	0	0	16.5846
1.83307	2	1	0	0	16.5846
1.83407	2	1	0	0	16.5846
1.83507	2	1	0	0	16.5846
1.83607	2	1	0	0	16.5846
1.83707	2	1	0	0	16.5846
1.83807	2	1	0	0	16.5846
1.83907	2	1	0	0	16.5846
1.84007	2	1	0	0	16.5846
1.84107	2	1	0	0	16.5846
1.84207	2	1	0	0	16.5846
1.84307	2	1	0	0	16.5846
1.84407	2	1	0	0	16.5846
1.84507	2	1	0	0	16.5846
1.84607	2	1	0	0	16.5846
1.84707	2	1	0	0	16.5846
1.84807	2	1	0	0	16.5846
1.84907	2	1	0	0	16.5846
1.85007	2	1	0	0	16.5846
1.85107	2	1	0	0	16.5846
1.85207	2	1	0	0	16.5846
1.85307	2	1	0	0	16.5846
1.85407	2	1	0	0	16.5846
1.85507	2	1	0	0	16.5846
1.85607	2	1	0	0	16.5846
1.85707	2	1	0	0	16.5846
1.85807	2	1	0	0	16.5846
1.85907	2	1	0	0	16.5846
1.86007	2	1	0	0	16.5846
1.86107	2	1	0	0	16.5846
1.86207	2	1	0	0	16.5846
1.86307	2	1	0	0	16.5846
1.86407	2	1	0	0	16.5846
1.86507	2	1	0	0	16.5846
1.86607	2	1	0	0	16.5846
1.86707	2	1	0	0	16.5846
1.86807	2	1	0	0	16.5846
1.86907	2	1	0	0	16.5846
1.87007	2	1	0	0	16.5846
1.87107	2	1	0	0	16.5846
1.87207	2	1	0	0	16.5846
1.87307	2	1	0	0	16.5846
1.87407	2	1	0	0	16.5846
1.87507	2	1	0	0	16.5846
1.87607	2	1	0	0	16.5846
1.87707	2	1	0	0	16.5846
1.87807	2	1	0	0	16.5846
1.87907	2	1	0	0	16.5846
1.88007	2	1	0	0	16.5846
1.88107	2	1	0	0	16.5846
1.88207	2	1	0	0	16.5846
1.88307	2	1	0	0	16.5846
1.88407	2	1	0	0	16.5846
1.88507	2	1	0	0	16.5846
1.88607	2	1	0	0	16.5846
1.88707	2	1	0	0	16.5846
1.88807	2	1	0	0	16.5846
1.88907	2	1	0	0	16.5846
1.89007	2	1	0	0	16.5846
1.89107	2	1	0	0	16.5846
1.89207	2	1	0	0	16.5846
1.89307	2	1	0	0	16.5846
1.89407	2	1	0	0	16.5846
1.89507	2	1	0	0	16.5846
1.89607	2	1	0	0	16.5846
1.89707	2	1	0	0	16.5846
1.89807	2	1	0	0	16.5846
1.89907	2	1	0	0	16.5846
1.90007	2	1	0	0	16.5846
1.90107	2	1	0	0	16.5846
1.90207	2	1	0	0	16.5846
1.90307	2	1	0	0	16.5846
1.90407	2	1	0	0	16.5846
1.90507	2	1	0	0	16.5846
1.90607	2	1	0	0	16.5846
1.90707	2	1	0	0	16.5846
1.90807	2	1	0	0	16.5846
1.90907	2	1	0	0	16.5846
1.91007	2	1	0	0	16.5846
1.91107	2	1	0	0	16.5846
1.91207	2	1	0	0	16.5846
1.91307	2	1	0	0	16.5846
1.91407	2	1	0	0	16.5846
1.91507	2	1	0	0	16.5846
1.91607	2	1	0	0	16.5846
1.91707	2	1	0	0	16.5846
1.91807	2	1	0	0	16.5846
1.91907	2	1	0	0	16.5846
1.92007	2	1	0	0	16.5846
1.92107	2	1	0	0	-1.12285
1.92207	2	1	0	0	-1.12285
1.92307	2	1	0	0	-1.12285
1.92407	2	1	0	0	-1.12285
1.92507	2	1	0	0	-1.12285
1.92607	2	1	0	0	-1.12285
1.92707	2	1	0	0	-1.12285
1.92807	2	1	0	0	-1.12285
1.92907	2	1	0	0	-1.12285
1.93007	2	1	0	0	-1.12285
1.93107	2	1	0	0	-1.12285
1.93207	2	1	0	0	-1.12285
1.93307	2	1	0	0	-1.12285
1.93407	2	1	0	0	-1.12285
1.93507	2	1	0	0	-1.12285
1.93607	2	1	0	0	-1.12285
1.93707	2	1	0	0	-1.12285
1.93807	2	1	0	0	-1.12285
1.93907	2	1	0	0	-1.12285
1.94007	2	1	0	0	-1.12285
1.94107	2	1	0	0	-1.12285
1.94207	2	1	0	0	-1.12285
1.94307	2	1	0	0	-1.12285
1.94407	2	1	0	0	-1.12285
1.94507	2	1	0	0	-1.12285
1.94607	2	1	0	0	-1.12285
1.94707	2	1	0	0	-1.12285
1.94807	2	1	0	0	-1.12285
1.94907	2	1	0	0	-1.12285
1.95007	2	1	0	0	-1.12285
1.95107	2	1	0	0	-1.12285
1.95207	2	1	0	0	-1.12285
1.95307	2	1	0	0	-1.12285
1.95407	2	1	0	0	-1.12285
1.95507	2	1	0	0	-1.12285
1.95607	2	1	0	0	-1.12285
1.95707	2	1	0	0	-1.12285
1.95807	2	1	0	0	-1.12285
1.95907	2	1	0	0	-1.12285
1.96007	2	1	0	0	-1.12285
1.96107	2	1	0	0	-1.12285
1.96207	2	1	0	0	-1.12285
1.96307	2	1	0	0	-1.12285
1.96407	2	1	0	0	-1.12285
1.96507	2	1	0	0	-1.12285
1.96607	2	1	0	0	-1.12285
1.96707	2	1	0	0	-1.12285
1.96807	2	1	0	0	-1.12285
1.96907	2	1	0	0	-1.12285
1.97007	2	1	0	0	-1.12285
1.97107	2	1	0	0	-1.12285
1.97207	2	1	0	0	-1.12285
1.97307	2	1	0	0	-1.12285
1.97407	2	1	0	0	-1.12285
1.97507	2	1	0	0	-1.12285
1.97607	2	1	0	0	-1.12285
1.97707	2	1	0	0	-1.12285
1.97807	2	1	0	0	-1.12285
1.97907	2	1	0	0	-1.12285
1.98007	2	1	0	0	-1.12285
1.98107	2	1	0	0	-1.12285
1.98207	2	1	0	0	-1.12285
1.98307	2	1	0	0	-1.12285
1.98407	2	1	0	0	-1.12285
1.98507	2	1	0	0	-1.12285
1.98607	2	1	0	0	-1.12285
1.98707	2	1	0	0	-1.12285
1.98807	2	1	0	0	-1.12285
1.98907	2	1	0	0	-1.12285
1.99007	2	1	0	0	-1.12285
1.99107	2	1	0	0	-1.12285
1.99207	2	1	0	0	-1.12285
1.99307	2	1	0	0	-1.12285
1.99407	2	1	0	0	-1.12285
1.99507	2	1	0	0	-1.12285
1.99607	2	1	0	0	-1.12285
1.99707	2	1	0	0	-1.12285
1.99807	2	1	0	0	-1.12285
1.99907	2	1	0	0	-1.12285
2.00007	2	1	0	0	-1.12285
2.00107	2	1	0	0	-1.12285
2.00207	2	1	0	0	-1.12285
2.00307	2	1	0	0	-1.12285
2.00407	2	1	0	0	-1.12285
2.00507	2	1	0	0	-1.12285
2.00607	2	1	0	0	-1.12285
2.00707	2	1	0	0	-1.12285
2.00807	2	1	0	0	-1.12285
2.00907	2	1	0	0	-1.12285
2.01007	2	1	0	0	-1.12285
2.01107	2	1	0	0	-1.12285
2.01207	2	1	0	0	-1.12285
2.01307	2	1	0	0	-1.12285
2.01407	2	1	0	0	-1.12285
2.01507	2	1	0	0	-1.12285
2.01607	2	1	0	0	-1.12285
2.01707	2	1	0	0	-1.12285
2.01807	2	1	0	0	-1.12285
2.01907	2	1	0	0	-1.12285
2.02007	2	1	0	0	-1.12285
2.02107	2	1	0	0	-7.42149
2.02207	2	1	0	0	-7.42149
2.02307	2	1	0	0	-7.42149
2.02407	2	1	0	0	-7.42149
2.02507	2	1	0	0	-7.42149
2.02607	2	1	0	0	-7.42149
2.02707	2	1	0	0	-7.42149
2.02807	2	1	0	0	-7.42149
2.02907	2	1	0	0	-7.42149
2.03007	2	1	0	0	-7.42149
2.03107	2	1	0	0	-7.42149
2.03207	2	1	0	0	-7.42149
2.03307	2	1	0	0	-7.42149
2.03407	2	1	0	0	-7.42149
2.03507	2	1	0	0	-7.42149
2.03607	2	1	0	0	-7.42149
2.03707	2	1	0	0	-7.42149
2.03807	2	1	0	0	-7.42149
2.03907	2	1	0	0	-7.42149
2.04007	2	1	0	0	-7.42149
2.04107	2	1	0	0	-7.42149
2.04207	2	1	0	0	-7.42149
2.04307	2	1	0	0	-7.42149
2.04407	2	1	0	0	-7.42149
2.04507	2	1	0	0	-7.42149
2.04607	2	1	0	0	-7.42149
2.04707	2	1	0	0	-7.42149
2.04807	2	1	0	0	-7.42149
2.04907	2	1	0	0	-7.42149
2.05007	2	1	0	0	-7.42149
2.05107	2	1	0	0	-7.42149
2.05207	2	1	0	0	-7.42149
2.05307	2	1	0	0	-7.42149
2.05407	2	1	0	0	-7.42149
2.05507	2	1	0	0	-7.42149
2.05607	2	1	0	0	-7.42149
2.05707	2	1	0	0	-7.42149
2.05807	2	1	0	0	-7.42149
2.05907	2	1	0	0	-7.42149
2.06007	2	1	0	0	-7.42149
2.06107	2	1	0	0	-7.42149
2.06207	2	1	0	0	-7.42149
2.06307	2	1	0	0	-7.42149
2.06407	2	1	0	0	-7.42149
2.06507	2	1	0	0	-7.42149
2.06607	2	1	0	0	-7.42149
2.06707	2	1	0	0	-7.42149
2.06807	2	1	0	0	-7.42149
2.06907	2	1	0	0	-7.42149
2.07007	2	1	0	0	-7.42149
2.07107	2	1	0	0	-7.42149
2.07207	2	1	0	0	-7.42149
2.07307	2	1	0	0	-7.42149
2.07407	2	1	0	0	-7.42149
2.07507	2	1	0	0	-7.42149
2.07607	2	1	0	0	-7.42149
2.07707	2	1	0	0	-7.42149
2.07807	2	1	0	0	-7.42149
2.07907	2	1	0	0	-7.42149
2.08007	2	1	0	0	-7.42149
2.08107	2	1	0	0	-7.42149
2.08207	2	1	0	0	-7.42149
2.08307	2	1	0	0	-7.42149
2.08407	2	1	0	0	-7.42149
2.08507	2	1	0	0	-7.42149
2.08607	2	1	0	0	-7.42149
2.08707	2	1	0	0	-7.42149
2.08807	2	1	0	0	-7.42149
2.08907	2	1	0	0	-7.42149
2.09007	2	1	0	0	-7.42149
2.09107	2	1	0	0	-7.42149
2.09207	2	1	0	0	-7.42149
2.09307	2	1	0	0	-7.42149
2.09407	2	1	0	0	-7.42149
2.09507	2	1	0	0	-7.42149
2.09607	2	1	0	0	-7.42149
2.09707	2	1	0	0	-7.42149
2.09807	2	1	0	0	-7.42149
2.09907	2	1	0	0	-7.42149
2.10007	2	1	0	0	-7.42149
2.10107	2	1	0	0	-7.42149
2.10207	2	1	0	0	-7.42149
2.10307	2	1	0	0	-7.42149
2.10407	2	1	0	0	-7.42149
2.10507	2	1	0	0	-7.42149
2.10607	2	1	0	0	-7.42149
2.10707	2	1	0	0	-7.42149
2.10807	2	1	0	0	-7.42149
2.10907	2	1	0	0	-7.42149
2.11007	2	1	0	0	-7.42149
2.11107	2	1	0	0	-7.42149
2.11207	2	1	0	0	-7.42149
2.11307	2	1	0	0	-7.42149
2.11407	2	1	0	0	-7.42149
2.11507	2	1	0	0	-7.42149
2.11607	2	1	0	0	-7.42149
2.11707	2	1	0	0	-7.42149
2.11807	2	1	0	0	-7.42149
2.11907	2	1	0	0	-7.42149
2.12007	2	1	0	0	-7.42149
2.12107	2	1	0	0	-3.70763
2.12207	2	1	0	0	-3.70763
2.12307	2	1	0	0	-3.70763
2.12407	2	1	0	0	-3.70763
2.12507	2	1	0	0	-3.70763
2.12607	2	1	0	0	-3.70763
2.12707	2	1	0	0	-3.70763
2.12807	2	1	0	0	-3.70763
2.12907	2	1	0	0	-3.70763
2.13007	2	1	0	0	-3.70763
2.13107	2	1	0	0	-3.70763
2.13207	2	1	0	0	-3.70763
2.13307	2	1	0	0	-3.70763
2.13407	2	1	0	0	-3.70763
2.13507	2	1	0	0	-3.70763
2.13607	2	1	0	0	-3.70763
2.13707	2	1	0	0	-3.70763
2.13807	2	1	0	0	-3.70763
2.13907	2	1	0	0	-3.70763
2.14007	2	1	0	0	-3.70763
2.14107	2	1	0	0	-3.70763
2.14207	2	1	0	0	-3.70763
2.14307	2	1	0	0	-3.70763
2.14407	2	1	0	0	-3.70763
2.14507	2	1	0	0	-3.70763
2.14607	2	1	0	0	-3.70763
2.14707	2	1	0	0	-3.70763
2.14807	2	1	0	0	-3.70763
2.14907	2	1	0	0	-3.70763
2.15007	2	1	0	0	-3.70763
2.15107	2	1	0	0	-3.70763
2.15207	2	1	0	0	-3.70763
2.15307	2	1	0	0	-3.70763
2.15407	2	1	0	0	-3.70763
2.15507	2	1	0	0	-3.70763
2.15607	2	1	0	0	-3.70763
2.15707	2	1	0	0	-3.70763
2.15807	2	1	0	0	-3.70763
2.15907	2	1	0	0	-3.70763
2.16007	2	1	0	0	-3.70763
2.16107	2	1	0	0	-3.70763
2.16207	2	1	0	0	-3.70763
2.16307	2	1	0	0	-3.70763
2.16407	2	1	0	0	-3.70763
2.16507	2	1	0	0	-3.70763
2.16607	2	1	0	0	-3.70763
2.16707	2	1	0	0	-3.70763
2.16807	2	1	0	0	-3.70763
2.16907	2	1	0	0	-3.70763
2.17007	2	1	0	0	-3.70763
2.17107	2	1	0	0	-3.70763
2.17207	2	1	0	0	-3.70763
2.17307	2	1	0	0	-3.70763
2.17407	2	1	0	0	-3.70763
2.17507	2	1	0	0	-3.70763
2.17607	2	1	0	0	-3.70763
2.17707	2	1	0	0	-3.70763
2.17807	2	1	0	0	-3.70763
2.17907	2	1	0	0	-3.70763
2.18007	2	1	0	0	-3.70763
2.18107	2	1	0	0	-3.70763
2.18207	2	1	0	0	-3.70763
2.18307	2	1	0	0	-3.70763
2.18407	2	1	0	0	-3.70763
2.18507	2	1	0	0	-3.70763
2.18607	2	1	0	0	-3.70763
2.18707	2	1	0	0	-3.70763
2.18807	2	1	0	0	-3.70763
2.18907	2	1	0	0	-3.70763
2.19007	2	1	0	0	-3.70763
2.19107	2	1	0	0	-3.70763
2.19207	2	1	0	0	-3.70763
2.19307	2	1	0	0	-3.70763
2.19407	2	1	0	0	-3.70763
2.19507	2	1	0	0	-3.70763
2.19607	2	1	0	0	-3.70763
2.19707	2	1	0	0	-3.70763
2.19807	2	1	0	0	-3.70763
2.19907	2	1	0	0	-3.70763
2.20007	2	1	0	0	-3.70763
2.20107	2	1	0	0	-3.70763
2.20207	2	1	0	0	-3.70763
2.20307	2	1	0	0	-3.70763
2.20407	2	1	0	0	-3.70763
2.20507	2	1	0	0	-3.70763
2.20607	2	1	0	0	-3.70763
2.20707	2	1	0	0	-3.70763
2.20807	2	1	0	0	-3.70763
2.20907	2	1	0	0	-3.70763
2.21007	2	1	0	0	-3.70763
2.21107	2	1	0	0	-3.70763
2.21207	2	1	0	0	-3.70763
2.21307	2	1	0	0	-3.70763
2.21407	2	1	0	0	-3.70763
2.21507	2	1	0	0	-3.70763
2.21607	2	1	0	0	-3.70763
2.21707	2	1	0	0	-3.70763
2.21807	2	1	0	0	-3.70763
2.21907	2	1	0	0	-3.70763
2.22007	2	1	0	0	-3.70763
2.22107	2	1	0	0	-3.70763
2.22207	2	1	0	0	-5.43309
2.22307	2	1	0	0	-5.43309
2.22407	2	1	0	0	-5.43309
2.22507	2	1	0	0	-5.43309
2.22607	2	1	0	0	-5.43309
2.22707	2	1	0	0	-5.43309
2.22807	2	1	0	0	-5.43309
2.22907	2	1	0	0	-5.43309
2.23007	2	1	0	0	-5.43309
2.23107	2	1	0	0	-5.43309
2.23207	2	1	0	0	-5.43309
2.23307	2	1	0	0	-5.43309
2.23407	2	1	0	0	-5.43309
2.23507	2	1	0	0	-5.43309
2.23607	2	1	0	0	-5.43309
2.23707	2	1	0	0	-5.43309
2.23807	2	1	0	0	-5.43309
2.23907	2	1	0	0	-5.43309
2.24007	2	1	0	0	-5.43309
2.24107	2	1	0	0	-5.43309
2.24207	2	1	0	0	-5.43309
2.24307	2	1	0	0	-5.43309
2.24407	2	1	0	0	-5.43309
2.24507	2	1	0	0	-5.43309
2.24607	2	1	0	0	-5.43309
2.24707	2	1	0	0	-5.43309
2.24807	2	1	0	0	-5.43309
2.24907	2	1	0	0	-5.43309
2.25007	2	1	0	0	-5.43309
2.25107	2	1	0	0	-5.43309
2.25207	2	1	0	0	-5.43309
2.25307	2	1	0	0	-5.43309
2.25407	2	1	0	0	-5.43309
2.25507	2	1	0	0	-5.43309
2.25607	2	1	0	0	-5.43309
2.25707	2	1	0	0	-5.43309
2.25807	2	1	0	0	-5.43309
2.25907	2	1	0	0	-5.43309
2.26007	2	1	0	0	-5.43309
2.26107	2	1	0	0	-5.43309
2.26207	2	1	0	0	-5.43309
2.26307	2	1	0	0	-5.43309
2.26407	2	1	0	0	-5.43309
2.26507	2	1	0	0	-5.43309
2.26607	2	1	0	0	-5.43309
2.26707	2	1	0	0	-5.43309
2.26807	2	1	0	0	-5.43309
2.26907	2	1	0	0	-5.43309
2.27007	2	1	0	0	-5.43309
2.27107	2	1	0	0	-5.43309
2.27207	2	1	0	0	-5.43309
2.27307	2	1	0	0	-5.43309
2.27407	2	1	0	0	-5.43309
2.27507	2	1	0	0	-5.43309
2.27607	2	1	0	0	-5.43309
2.27707	2	1	0	0	-5.43309
2.27807	2	1	0	0	-5.43309
2.27907	2	1	0	0	-5.43309
2.28007	2	1	0	0	-5.43309
2.28107	2	1	0	0	-5.43309
2.28207	2	1	0	0	-5.43309
2.28307	2	1	0	0	-5.43309
2.28407	2	1	0	0	-5.43309
2.28507	2	1	0	0	-5.43309
2.28607	2	1	0	0	-5.43309
2.28707	2	1	0	0	-5.43309
2.28807	2	1	0	0	-5.43309
2.28907	2	1	0	0	-5.43309
2.29007	2	1	0	0	-5.43309
2.29107	2	1	0	0	-5.43309
2.29207	2	1	0	0	-5.43309
2.29307	2	1	0	0	-5.43309
2.29407	2	1	0	0	-5.43309
2.29507	2	1	0	0	-5.43309
2.29607	2	1	0	0	-5.43309
2.29707	2	1	0	0	-5.43309
2.29807	2	1	0	0	-5.43309
2.29907	2	1	0	0	-5.43309
2.30007	2	1	0	0	-5.43309
2.30107	2	1	0	0	-5.43309
2.30207	2	1	0	0	-5.43309
2.30307	2	1	0	0	-5.43309
2.30407	2	1	0	0	-5.43309
2.30507	2	1	0	0	-5.43309
2.30607	2	1	0	0	-5.43309
2.30707	2	1	0	0	-5.43309
2.30807	2	1	0	0	-5.43309
2.30907	2	1	0	0	-5.43309
2.31007	2	1	0	0	-5.43309
2.31107	2	1	0	0	-5.43309
2.31207	2	1	0	0	-5.43309
2.31307	2	1	0	0	-5.43309
2.31407	2	1	0	0	-5.43309
2.31507	2	1	0	0	-5.43309
2.31607	2	1	0	0	-5.43309
2.31707	2	1	0	0	-5.43309
2.31807	2	1	0	0	-5.43309
2.31907	2	1	0	0	-5.43309
2.32007	2	1	0	0	-5.43309
2.32107	2	1	0	0	-5.43309
2.32207	2	1	0	0	-6.75876
2.32307	2	1	0	0	-6.75876
2.32407	2	1	0	0	-6.75876
2.32507	2	1	0	0	-6.75876
2.32607	2	1	0	0	-6.75876
2.32707	2	1	0	0	-6.75876
2.32807	2	1	0	0	-6.75876
2.32907	2	1	0	0	-6.75876
2.33007	2	1	0	0	-6.75876
2.33107	2	1	0	0	-6.75876
2.33207	2	1	0	0	-6.75876
2.33307	2	1	0	0	-6.75876
2.33407	2	1	0	0	-6.75876
2.33507	2	1	0	0	-6.75876
2.33607	2	1	0	0	-6.75876
2.33707	2	1	0	0	-6.75876
2.33807	2	1	0	0	-6.75876
2.33907	2	1	0	0	-6.75876
2.34007	2	1	0	0	-6.75876
2.34107	2	1	0	0	-6.75876
2.34207	2	1	0	0	-6.75876
2.34307	2	1	0	0	-6.75876
2.34407	2	1	0	0	-6.75876
2.34507	2	1	0	0	-6.75876
2.34607	2	1	0	0	-6.75876
2.34707	2	1	0	0	-6.75876
2.34807	2	1	0	0	-6.75876
2.34907	2	1	0	0	-6.75876
2.35007	2	1	0	0	-6.75876
2.35107	2	1	0	0	-6.75876
2.35207	2	1	0	0	-6.75876
2.35307	2	1	0	0	-6.75876
2.35407	2	1	0	0	-6.75876
2.35507	2	1	0	0	-6.75876
2.35607	2	1	0	0	-6.75876
2.35707	2	1	0	0	-6.75876
2.35807	2	1	0	0	-6.75876
2.35907	2	1	0	0	-6.75876
2.36007	2	1	0	0	-6.75876
2.36107	2	1	0	0	-6.75876
2.36207	2	1	0	0	-6.75876
2.36307	2	1	0	0	-6.75876
2.36407	2	1	0	0	-6.75876
2.36507	2	1	0	0	-6.75876
2.36607	2	1	0	0	-6.75876
2.36707	2	1	0	0	-6.75876
2.36807	2	1	0	0	-6.75876
2.36907	2	1	0	0	-6.75876
2.37007	2	1	0	0	-6.75876
2.37107	2	1	0	0	-6.75876
2.37207	2	1	0	0	-6.75876
2.37307	2	1	0	0	-6.75876
2.37407	2	1	0	0	-6.75876
2.37507	2	1	0	0	-6.75876
2.37607	2	1	0	0	-6.75876
2.37707	2	1	0	0	-6.75876
2.37807	2	1	0	0	-6.75876
2.37907	2	1	0	0	-6.75876
2.38007	2	1	0	0	-6.75876
2.38107	2	1	0	0	-6.75876
2.38207	2	1	0	0	-6.75876
2.38307	2	1	0	0	-6.75876
2.38407	2	1	0	0	-6.75876
2.38507	2	1	0	0	-6.75876
2.38607	2	1	0	0	-6.75876
2.38707	2	1	0	0	-6.75876
2.38807	2	1	0	0	-6.75876
2.38907	2	1	0	0	-6.75876
2.39007	2	1	0	0	-6.75876
2.39107	2	1	0	0	-6.75876
2.39207	2	1	0	0	-6.75876
2.39307	2	1	0	0	-6.75876
2.39407	2	1	0	0	-6.75876
2.39507	2	1	0	0	-6.75876
2.39607	2	1	0	0	-6.75876
2.39707	2	1	0	0	-6.75876
2.39807	2	1	0	0	-6.75876
2.39907	2	1	0	0	-6.75876
2.40007	2	1	0	0	-6.75876
2.40107	2	1	0	0	-6.75876
2.40207	2	1	0	0	-6.75876
2.40307	2	1	0	0	-6.75876
2.40407	2	1	0	0	-6.75876
2.40507	2	1	0	0	-6.75876
2.40607	2	1	0	0	-6.75876
2.40707	2	1	0	0	-6.75876
2.40807	2	1	0	0	-6.75876
2.40907	2	1	0	0	-6.75876
2.41007	2	1	0	0	-6.75876
2.41107	2	1	0	0	-6.75876
2.41207	2	1	0	0	-6.75876
2.41307	2	1	0	0	-6.75876
2.41407	2	1	0	0	-6.75876
2.41507	2	1	0	0	-6.75876
2.41607	2	1	0	0	-6.75876
2.41707	2	1	0	0	-6.75876
2.41807	2	1	0	0	-6.75876
2.41907	2	1	0	0	-6.75876
2.42007	2	1	0	0	-6.75876
2.42107	2	1	0	0	-6.75876
2.42207	2	1	0	0	-5.64392
2.42307	2	1	0	0	-5.64392
2.42407	2	1	0	0	-5.64392
2.42507	2	1	0	0	-5.64392
2.42607	2	1	0	0	-5.64392
2.42707	2	1	0	0	-5.64392
2.42807	2	1	0	0	-5.64392
2.42907	2	1	0	0	-5.64392
2.43007	2	1	0	0	-5.64392
2.43107	2	1	0	0	-5.64392
2.43207	2	1	0	0	-5.64392
2.43307	2	1	0	0	-5.64392
2.43407	2	1	0	0	-5.64392
2.43507	2	1	0	0	-5.64392
2.43607	2	1	0	0	-5.64392
2.43707	2	1	0	0	-5.64392
2.43807	2	1	0	0	-5.64392
2.43907	2	1	0	0	-5.64392
2.44007	2	1	0	0	-5.64392
2.44107	2	1	0	0	-5.64392
2.44207	2	1	0	0	-5.64392
2.44307	2	1	0	0	-5.64392
2.44407	2	1	0	0	-5.64392
2.44507	2	1	0	0	-5.64392
2.44607	2	1	0	0	-5.64392
2.44707	2	1	0	0	-5.64392
2.44807	2	1	0	0	-5.64392
2.44907	2	1	0	0	-5.64392
2.45007	2	1	0	0	-5.64392
2.45107	2	1	0	0	-5.64392
2.45207	2	1	0	0	-5.64392
2.45307	2	1	0	0	-5.64392
2.45407	2	1	0	0	-5.64392
2.45507	2	1	0	0	-5.64392
2.45607	2	1	0	0	-5.64392
2.45707	2	1	0	0	-5.64392
2.45807	2	1	0	0	-5.64392
2.45907	2	1	0	0	-5.64392
2.46007	2	1	0	0	-5.64392
2.46107	2	1	0	0	-5.64392
2.46207	2	1	0	0	-5.64392
2.46307	2	1	0	0	-5.64392
2.46407	2	1	0	0	-5.64392
2.46507	2	1	0	0	-5.64392
2.46607	2	1	0	0	-5.64392
2.46707	2	1	0	0	-5.64392
2.46807	2	1	0	0	-5.64392
2.46907	2	1	0	0	-5.64392
2.47007	2	1	0	0	-5.64392
2.47107	2	1	0	0	-5.64392
2.47207	2	1	0	0	-5.64392
2.47307	2	1	0	0	-5.64392
2.47407	2	1	0	0	-5.64392
2.47507	2	1	0	0	-5.64392
2.47607	2	1	0	0	-5.64392
2.47707	2	1	0	0	-5.64392
2.47807	2	1	0	0	-5.64392
2.47907	2	1	0	0	-5.64392
2.48007	2	1	0	0	-5.64392
2.48107	2	1	0	0	-5.64392
2.48207	2	1	0	0	-5.64392
2.48307	2	1	0	0	-5.64392
2.48407	2	1	0	0	-5.64392
2.48507	2	1	0	0	-5.64392
2.48607	2	1	0	0	-5.64392
2.48707	2	1	0	0	-5.64392
2.48807	2	1	0	0	-5.64392
2.48907	2	1	0	0	-5.64392
2.49007	2	1	0	0	-5.64392
2.49107	2	1	0	0	-5.64392
2.49207	2	1	0	0	-5.64392
2.49307	2	1	0	0	-5.64392
2.49407	2	1	0	0	-5.64392
2.49507	2	1	0	0	-5.64392
2.49607	2	1	0	0	-5.64392
2.49707	2	1	0	0	-5.64392
2.49807	2	1	0	0	-5.64392
2.49907	2	1	0	0	-5.64392
2.50007	2	1	0	0	-5.64392
2.50107	2	1	0	0	-5.64392
2.50207	2	1	0	0	-5.64392
2.50307	2	1	0	0	-5.64392
2.50407	2	1	0	0	-5.64392
2.50507	2	1	0	0	-5.64392
2.50607	2	1	0	0	-5.64392
2.50707	2	1	0	0	-5.64392
2.50807	2	1	0	0	-5.64392
2.50907	2	1	0	0	-5.64392
2.51007	2	1	0	0	-5.64392
2.51107	2	1	0	0	-5.64392
2.51207	2	1	0	0	-5.64392
2.51307	2	1	0	0	-5.64392
2.51407	2	1	0	0	-5.64392
2.51507	2	1	0	0	-5.64392
2.51607	2	1	0	0	-5.64392
2.51707	2	1	0	0	-5.64392
2.51807	2	1	0	0	-5.64392
2.51907	2	1	0	0	-5.64392
2.52007	2	1	0	0	-5.64392
2.52107	2	1	0	0	-5.64392
2.52207	2	1	0	0	-5.64392
2.52307	2	1	0	0	-10.0485
2.52407	2	1	0	0	-10.0485
2.52507	2	1	0	0	-10.0485
2.52607	2	1	0	0	-10.0485
2.52707	2	1	0	0	-10.0485
2.52807	2	1	0	0	-10.0485
2.52907	2	1	0	0	-10.0485
2.53007	2	1	0	0	-10.0485
2.53107	2	1	0	0	-10.0485
2.53207	2	1	0	0	-10.0485
2.53307	2	1	0	0	-10.0485
2.53407	2	1	0	0	-10.0485
2.53507	2	1	0	0	-10.0485
2.53607	2	1	0	0	-10.0485
2.53707	2	1	0	0	-10.0485
2.53807	2	1	0	0	-10.0485
2.53907	2	1	0	0	-10.0485
2.54007	2	1	0	0	-10.0485
2.54107	2	1	0	0	-10.0485
2.54207	2	1	0	0	-10.0485
2.54307	2	1	0	0	-10.0485
2.54407	2	1	0	0	-10.0485
2.54507	2	1	0	0	-10.0485
2.54607	2	1	0	0	-10.0485
2.54707	2	1	0	0	-10.0485
2.54807	2	1	0	0	-10.0485
2.54907	2	1	0	0	-10.0485
2.55007	2	1	0	0	-10.0485
2.55107	2	1	0	0	-10.0485
2.55207	2	1	0	0	-10.0485
2.55307	2	1	0	0	-10.0485
2.55407	2	1	0	0	-10.0485
2.55507	2	1	0	0	-10.0485
2.55607	2	1	0	0	-10.0485
2.55707	2	1	0	0	-10.0485
2.55807	2	1	0	0	-10.0485
2.55907	2	1	0	0	-10.0485
2.56007	2	1	0	0	-10.0485
2.56107	2	1	0	0	-10.0485
2.56207	2	1	0	0	-10.0485
2.56307	2	1	0	0	-10.0485
2.56407	2	1	0	0	-10.0485
2.56507	2	1	0	0	-10.0485
2.56607	2	1	0	0	-10.0485
2.56707	2	1	0	0	-10.0485
2.56807	2	1	0	0	-10.0485
2.56907	2	1	0	0	-10.0485
2.57007	2	1	0	0	-10.0485
2.57107	2	1	0	0	-10.0485
2.57207	2	1	0	0	-10.0485
2.57307	2	1	0	0	-10.0485
2.57407	2	1	0	0	-10.0485
2.57507	2	1	0	0	-10.0485
2.57607	2	1	0	0	-10.0485
2.57707	2	1	0	0	-10.0485
2.57807	2	1	0	0	-10.0485
2.57907	2	1	0	0	-10.0485
2.58007	2	1	0	0	-10.0485
2.58107	2	1	0	0	-10.0485
2.58207	2	1	0	0	-10.0485
2.58307	2	1	0	0	-10.0485
2.58407	2	1	0	0	-10.0485
2.58507	2	1	0	0	-10.0485
2.58607	2	1	0	0	-10.0485
2.58707	2	1	0	0	-10.0485
2.58807	2	1	0	0	-10.0485
2.58907	2	1	0	0	-10.0485
2.59007	2	1	0	0	-10.0485
2.59107	2	1	0	0	-10.0485
2.59207	2	1	0	0	-10.0485
2.59307	2	1	0	0	-10.0485
2.59407	2	1	0	0	-10.0485
2.59507	2	1	0	0	-10.0485
2.59607	2	1	0	0	-10.0485
2.59707	2	1	0	0	-10.0485
2.59807	2	1	0	0	-10.0485
2.59907	2	1	0	0	-10.0485
2.60007	2	1	0	0	-10.0485
2.60107	2	1	0	0	-10.0485
2.60207	2	1	0	0	-10.0485
2.60307	2	1	0	0	-10.0485
2.60407	2	1	0	0	-10.0485
2.60507	2	1	0	0	-10.0485
2.60607	2	1	0	0	-10.0485
2.60707	2	1	0	0	-10.0485
2.60807	2	1	0	0	-10.0485
2.60907	2	1	0	0	-10.0485
2.61007	2	1	0	0	-10.0485
2.61107	2	1	0	0	-10.0485
2.61207	2	1	0	0	-10.0485
2.61307	2	1	0	0	-10.0485
2.61407	2	1	0	0	-10.0485
2.61507	2	1	0	0	-10.0485
2.61607	2	1	0	0	-10.0485
2.61707	2	1	0	0	-10.0485
2.61807	2	1	0	0	-10.0485
2.61907	2	1	0	0	-10.0485
2.62007	2	1	0	0	-10.0485
2.62107	2	1	0	0	-10.0485
2.62207	2	1	0	0	-10.0485
2.62307	2	1	0	0	-5.56193
2.62407	2	1	0	0	-5.56193
2.62507	2	1	0	0	-5.56193
2.62607	2	1	0	0	-5.56193
2.62707	2	1	0	0	-5.56193
2.62807	2	1	0	0	-5.56193
2.62907	2	1	0	0	-5.56193
2.63007	2	1	0	0	-5.56193
2.63107	2	1	0	0	-5.56193
2.63207	2	1	0	0	-5.56193
2.63307	2	1	0	0	-5.56193
2.63407	2	1	0	0	-5.56193
2.63507	2	1	0	0	-5.56193
2.63607	2	1	0	0	-5.56193
2.63707	2	1	0	0	-5.56193
2.63807	2	1	0	0	-5.56193
2.63907	2	1	0	0	-5.56193
2.64007	2	1	0	0	-5.56193
2.64107	2	1	0	0	-5.56193
2.64207	2	1	0	0	-5.56193
2.64307	2	1	0	0	-5.56193
2.64407	2	1	0	0	-5.56193
2.64507	2	1	0	0	-5.56193
2.64607	2	1	0	0	-5.56193
2.64707	2	1	0	0	-5.56193
2.64807	2	1	0	0	-5.56193
2.64907	2	1	0	0	-5.56193
2.65007	2	1	0	0	-5.56193
2.65107	2	1	0	0	-5.56193
2.65207	2	1	0	0	-5.56193
2.65307	2	1	0	0	-5.56193
2.65407	2	1	0	0	-5.56193
2.65507	2	1	0	0	-5.56193
2.65607	2	1	0	0	-5.56193
2.65707	2	1	0	0	-5.56193
2.65807	2	1	0	0	-5.56193
2.65907	2	1	0	0	-5.56193
2.66007	2	1	0	0	-5.56193
2.66107	2	1	0	0	-5.56193
2.66207	2	1	0	0	-5.56193
2.66307	2	1	0	0	-5.56193
2.66407	2	1	0	0	-5.56193
2.66507	2	1	0	0	-5.56193
2.66607	2	1	0	0	-5.56193
2.66707	2	1	0	0	-5.56193
2.66807	2	1	0	0	-5.56193
2.66907	2	1	0	0	-5.56193
2.67007	2	1	0	0	-5.56193
2.67107	2	1	0	0	-5.56193
2.67207	2	1	0	0	-5.56193
2.67307	2	1	0	0	-5.56193
2.67407	2	1	0	0	-5.56193
2.67507	2	1	0	0	-5.56193
2.67607	2	1	0	0	-5.56193
2.67707	2	1	0	0	-5.56193
2.67807	2	1	0	0	-5.56193
2.67907	2	1	0	0	-5.56193
2.68007	2	1	0	0	-5.56193
2.68107	2	1	0	0	-5.56193
2.68207	2	1	0	0	-5.56193
2.68307	2	1	0	0	-5.56193
2.68407	2	1	0	0	-5.56193
2.68507	2	1	0	0	-5.56193
2.68607	2	1	0	0	-5.56193
2.68707	2	1	0	0	-5.56193
2.68807	2	1	0	0	-5.56193
2.68907	2	1	0	0	-5.56193
2.69007	2	1	0	0	-5.56193
2.69107	2	1	0	0	-5.56193
2.69207	2	1	0	0	-5.56193
2.69307	2	1	0	0	-5.56193
2.69407	2	1	0	0	-5.56193
2.69507	2	1	0	0	-5.56193
2.69607	2	1	0	0	-5.56193
2.69707	2	1	0	0	-5.56193
2.69807	2	1	0	0	-5.56193
2.69907	2	1	0	0	-5.56193
2.70007	2	1	0	0	-5.56193
2.70107	2	1	0	0	-5.56193
2.70207	2	1	0	0	-5.56193
2.70307	2	1	0	0	-5.56193
2.70407	2	1	0	0	-5.56193
2.70507	2	1	0	0	-5.56193
2.70607	2	1	0	0	-5.56193
2.70707	2	1	0	0	-5.56193
2.70807	2	1	0	0	-5.56193
2.70907	2	1	0	0	-5.56193
2.71007	2	1	0	0	-5.56193
2.71107	2	1	0	0	-5.56193
2.71207	2	1	0	0	-5.56193
2.71307	2	1	0	0	-5.56193
2.71407	2	1	0	0	-5.56193
2.71507	2	1	0	0	-5.56193
2.71607	2	1	0	0	-5.56193
2.71707	2	1	0	0	-5.56193
2.71807	2	1	0	0	-5.56193
2.71907	2	1	0	0	-5.56193
2.72007	2	1	0	0	-5.56193
2.72107	2	1	0	0	-5.56193
2.72207	2	1	0	0	-5.56193
2.72307	2	1	0	0	-3.42525
2.72407	2	1	0	0	-3.42525
2.72507	2	1	0	0	-3.42525
2.72607	2	1	0	0	-3.42525
2.72707	2	1	0	0	-3.42525
2.72807	2	1	0	0	-3.42525
2.72907	2	1	0	0	-3.42525
2.73007	2	1	0	0	-3.42525
2.73107	2	1	0	0	-3.42525
2.73207	2	1	0	0	-3.42525
2.73307	2	1	0	0	-3.42525
2.73407	2	1	0	0	-3.42525
2.73507	2	1	0	0	-3.42525
2.73607	2	1	0	0	-3.42525
2.73707	2	1	0	0	-3.42525
2.73807	2	1	0	0	-3.42525
2.73907	2	1	0	0	-3.42525
2.74007	2	1	0	0	-3.42525
2.74107	2	1	0	0	-3.42525
2.74207	2	1	0	0	-3.42525
2.74307	2	1	0	0	-3.42525
2.74407	2	1	0	0	-3.42525
2.74507	2	1	0	0	-3.42525
2.74607	2	1	0	0	-3.42525
2.74707	2	1	0	0	-3.42525
2.74807	2	1	0	0	-3.42525
2.74907	2	1	0	0	-3.42525
2.75007	2	1	0	0	-3.42525
2.75107	2	1	0	0	-3.42525
2.75207	2	1	0	0	-3.42525
2.75307	2	1	0	0	-3.42525
2.75407	2	1	0	0	-3.42525
2.75507	2	1	0	0	-3.42525
2.75607	2	1	0	0	-3.42525
2.75707	2	1	0	0	-3.42525
2.75807	2	1	0	0	-3.42525
2.75907	2	1	0	0	-3.42525
2.76007	2	1	0	0	-3.42525
2.76107	2	1	0	0	-3.42525
2.76207	2	1	0	0	-3.42525
2.76307	2	1	0	0	-3.42525
2.76407	2	1	0	0	-3.42525
2.76507	2	1	0	0	-3.42525
2.76607	2	1	0	0	-3.42525
2.76707	2	1	0	0	-3.42525
2.76807	2	1	0	0	-3.42525
2.76907	2	1	0	0	-3.42525
2.77007	2	1	0	0	-3.42525
2.77107	2	1	0	0	-3.42525
2.77207	2	1	0	0	-3.42525
2.77307	2	1	0	0	-3.42525
2.77407	2	1	0	0	-3.42525
2.77507	2	1	0	0	-3.42525
2.77607	2	1	0	0	-3.42525
2.77707	2	1	0	0	-3.42525
2.77807	2	1	0	0	-3.42525
2.77907	2	1	0	0	-3.42525
2.78007	2	1	0	0	-3.42525
2.78107	2	1	0	0	-3.42525
2.78207	2	1	0	0	-3.42525
2.78307	2	1	0	0	-3.42525
2.78407	2	1	0	0	-3.42525
2.78507	2	1	0	0	-3.42525
2.78607	2	1	0	0	-3.42525
2.78707	2	1	0	0	-3.42525
2.78807	2	1	0	0	-3.42525
2.78907	2	1	0	0	-3.42525
2.79007	2	1	0	0	-3.42525
2.79107	2	1	0	0	-3.42525
2.79207	2	1	0	0	-3.42525
2.79307	2	1	0	0	-3.42525
2.79407	2	1	0	0	-3.42525
2.79507	2	1	0	0	-3.42525
2.79607	2	1	0	0	-3.42525
2.79707	2	1	0	0	-3.42525
2.79807	2	1	0	0	-3.42525
2.79907	2	1	0	0	-3.42525
2.80007	2	1	0	0	-3.42525
2.80107	2	1	0	0	-3.42525
2.80207	2	1	0	0	-3.42525
2.80307	2	1	0	0	-3.42525
2.80407	2	1	0	0	-3.42525
2.80507	2	1	0	0	-3.42525
2.80607	2	1	0	0	-3.42525
2.80707	2	1	0	0	-3.42525
2.80807	2	1	0	0	-3.42525
2.80907	2	1	0	0	-3.42525
2.81007	2	1	0	0	-3.42525
2.81107	2	1	0	0	-3.42525
2.81207	2	1	0	0	-3.42525
2.81307	2	1	0	0	-3.42525
2.81407	2	1	0	0	-3.42525
2.81507	2	1	0	0	-3.42525
2.81607	2	1	0	0	-3.42525
2.81707	2	1	0	0	-3.42525
2.81807	2	1	0	0	-3.42525
2.81907	2	1	0	0	-3.42525
2.82007	2	1	0	0	-3.42525
2.82107	2	1	0	0	-3.42525
2.82207	2	1	0	0	-3.42525
2.82307	2	1	0	0	-3.42525
2.82407	2	1	0	0	-4.34138
2.82507	2	1	0	0	-4.34138
2.82607	2	1	0	0	-4.34138
2.82707	2	1	0	0	-4.34138
2.82807	2	1	0	0	-4.34138
2.82907	2	1	0	0	-4.34138
2.83007	2	1	0	0	-4.34138
2.83107	2	1	0	0	-4.34138
2.83207	2	1	0	0	-4.34138
2.83307	2	1	0	0	-4.34138
2.83407	2	1	0	0	-4.34138
2.83507	2	1	0	0	-4.34138
2.83607	2	1	0	0	-4.34138
2.83707	2	1	0	0	-4.34138
2.83807	2	1	0	0	-4.34138
2.83907	2	1	0	0	-4.34138
2.84007	2	1	0	0	-4.34138
2.84107	2	1	0	0	-4.34138
2.84207	2	1	0	0	-4.34138
2.84307	2	1	0	0	-4.34138
2.84407	2	1	0	0	-4.34138
2.84507	2	1	0	0	-4.34138
2.84607	2	1	0	0	-4.34138
2.84707	2	1	0	0	-4.34138
2.84807	2	1	0	0	-4.34138
2.84907	2	1	0	0	-4.34138
2.85007	2	1	0	0	-4.34138
2.85107	2	1	0	0	-4.34138
2.85207	2	1	0	0	-4.34138
2.85307	2	1	0	0	-4.34138
2.85407	2	1	0	0	-4.34138
2.85507	2	1	0	0	-4.34138
2.85607	2	1	0	0	-4.34138
2.85707	2	1	0	0	-4.34138
2.85807	2	1	0	0	-4.34138
2.85907	2	1	0	0	-4.34138
2.86007	2	1	0	0	-4.34138
2.86107	2	1	0	0	-4.34138
2.86207	2	1	0	0	-4.34138
2.86307	2	1	0	0	-4.34138
2.86407	2	1	0	0	-4.34138
2.86507	2	1	0	0	-4.34138
2.86607	2	1	0	0	-4.34138
2.86707	2	1	0	0	-4.34138
2.86807	2	1	0	0	-4.34138
2.86907	2	1	0	0	-4.34138
2.87007	2	1	0	0	-4.34138
2.87107	2	1	0	0	-4.34138
2.87207	2	1	0	0	-4.34138
2.87307	2	1	0	0	-4.34138
2.87407	2	1	0	0	-4.34138
2.87507	2	1	0	0	-4.34138
2.87607	2	1	0	0	-4.34138
2.87707	2	1	0	0	-4.34138
2.87807	2	1	0	0	-4.34138
2.87907	2	1	0	0	-4.34138
2.88007	2	1	0	0	-4.34138
2.88107	2	1	0	0	-4.34138
2.88207	2	1	0	0	-4.34138
2.88307	2	1	0	0	-4.34138
2.88407	2	1	0	0	-4.34138
2.88507	2	1	0	0	-4.34138
2.88607	2	1	0	0	-4.34138
2.88707	2	1	0	0	-4.34138
2.88807	2	1	0	0	-4.34138
2.88907	2	1	0	0	-4.34138
2.89007	2	1	0	0	-4.34138
2.89107	2	1	0	0	-4.34138
2.89207	2	1	0	0	-4.34138
2.89307	2	1	0	0	-4.34138
2.89407	2	1	0	0	-4.34138
2.89507	2	1	0	0	-4.34138
2.89607	2	1	0	0	-4.34138
2.89707	2	1	0	0	-4.34138
2.89807	2	1	0	0	-4.34138
2.89907	2	1	0	0	-4.34138
2.90007	2	1	0	0	-4.34138
2.90107	2	1	0	0	-4.34138
2.90207	2	1	0	0	-4.34138
2.90307	2	1	0	0	-4.34138
2.90407	2	1	0	0	-4.34138
2.90507	2	1	0	0	-4.34138
2.90607	2	1	0	0	-4.34138
2.90707	2	1	0	0	-4.34138
2.90807	2	1	0	0	-4.34138
2.90907	2	1	0	0	-4.34138
2.91007	2	1	0	0	-4.34138
2.91107	2	1	0	0	-4.34138
2.91207	2	1	0	0	-4.34138
2.91307	2	1	0	0	-4.34138
2.91407	2	1	0	0	-4.34138
2.91507	2	1	0	0	-4.34138
2.91607	2	1	0	0	-4.34138
2.91707	2	1	0	0	-4.34138
2.91807	2	1	0	0	-4.34138
2.91907	2	1	0	0	-4.34138
2.92007	2	1	0	0	-4.34138
2.92107	2	1	0	0	-4.34138
2.92207	2	1	0	0	-4.34138
2.92307	2	1	0	0	-4.34138
2.92407	2	1	0	0	-9.26617
2.92507	2	1	0	0	-9.26617
2.92607	2	1	0	0	-9.26617
2.92707	2	1	0	0	-9.26617
2.92807	2	1	0	0	-9.26617
2.92907	2	1	0	0	-9.26617
2.93007	2	1	0	0	-9.26617
2.93107	2	1	0	0	-9.26617
2.93207	2	1	0	0	-9.26617
2.93307	2	1	0	0	-9.26617
2.93407	2	1	0	0	-9.26617
2.93507	2	1	0	0	-9.26617
2.93607	2	1	0	0	-9.26617
2.93707	2	1	0	0	-9.26617
2.93807	2	1	0	0	-9.26617
2.93907	2	1	0	0	-9.26617
2.94007	2	1	0	0	-9.26617
2.94107	2	1	0	0	-9.26617
2.94207	2	1	0	0	-9.26617
2.94307	2	1	0	0	-9.26617
2.94407	2	1	0	0	-9.26617
2.94507	2	1	0	0	-9.26617
2.94607	2	1	0	0	-9.26617
2.94707	2	1	0	0	-9.26617
2.94807	2	1	0	0	-9.26617
2.94907	2	1	0	0	-9.26617
2.95007	2	1	0	0	-9.26617
2.95107	2	1	0	0	-9.26617
2.95207	2	1	0	0	-9.26617
2.95307	2	1	0	0	-9.26617
2.95407	2	1	0	0	-9.26617
2.95507	2	1	0	0	-9.26617
2.95607	2	1	0	0	-9.26617
2.95707	2	1	0	0	-9.26617
2.95807	2	1	0	0	-9.26617
2.95907	2	1	0	0	-9.26617
2.96007	2	1	0	0	-9.26617
2.96107	2	1	0	0	-9.26617
2.96207	2	1	0	0	-9.26617
2.96307	2	1	0	0	-9.26617
2.96407	2	1	0	0	-9.26617
2.96507	2	1	0	0	-9.26617
2.96607	2	1	0	0	-9.26617
2.96707	2	1	0	0	-9.26617
2.96807	2	1	0	0	-9.26617
2.96907	2	1	0	0	-9.26617
2.97007	2	1	0	0	-9.26617
2.97107	2	1	0	0	-9.26617
2.97207	2	1	0	0	-9.26617
2.97307	2	1	0	0	-9.26617
2.97407	2	1	0	0	-9.26617
2.97507	2	1	0	0	-9.26617
2.97607	2	1	0	0	-9.26617
2.97707	2	1	0	0	-9.26617
2.97807	2	1	0	0	-9.26617
2.97907	2	1	0	0	-9.26617
2.98007	2	1	0	0	-9.26617
2.98107	2	1	0	0	-9.26617
2.98207	2	1	0	0	-9.26617
2.98307	2	1	0	0	-9.26617
2.98407	2	1	0	0	-9.26617
2.98507	2	1	0	0	-9.26617
2.98607	2	1	0	0	-9.26617
2.98707	2	1	0	0	-9.26617
2.98807	2	1	0	0	-9.26617
2.98907	2	1	0	0	-9.26617
2.99007	2	1	0	0	-9.26617
2.99107	2	1	0	0	-9.26617
2.99207	2	1	0	0	-9.26617
2.99307	2	1	0	0	-9.26617
2.99407	2	1	0	0	-9.26617
2.99507	2	1	0	0	-9.26617
2.99607	2	1	0	0	-9.26617
2.99707	2	1	0	0	-9.26617
2.99807	2	1	0	0	-9.26617
2.99907	2	1	0	0	-9.26617
