Time	CellId	RNTI	BWPId	StreamId	SINR(dB)
0.403929	2	1	0	0	11.6185
0.404929	2	1	0	0	11.6185
0.405929	2	1	0	0	11.6185
0.406929	2	1	0	0	11.6185
0.407929	2	1	0	0	11.6185
0.408929	2	1	0	0	11.6185
0.409929	2	1	0	0	11.6185
0.410929	2	1	0	0	11.6185
0.411929	2	1	0	0	11.6185
0.412929	2	1	0	0	11.6185
0.413929	2	1	0	0	11.6185
0.414929	2	1	0	0	11.6185
0.415929	2	1	0	0	9.36746
0.416929	2	1	0	0	9.36746
0.417929	2	1	0	0	9.36746
0.418929	2	1	0	0	9.36746
0.419929	2	1	0	0	9.36746
0.420929	2	1	0	0	9.36746
0.421929	2	1	0	0	9.36746
0.422929	2	1	0	0	9.36746
0.423929	2	1	0	0	6.35716
0.423929	2	1	0	1	6.76196
0.424929	2	1	0	0	6.35716
0.424929	2	1	0	1	6.76196
0.425929	2	1	0	0	6.35716
0.425929	2	1	0	1	6.76196
0.426929	2	1	0	0	6.35716
0.426929	2	1	0	1	6.76196
0.427929	2	1	0	0	6.35716
0.427929	2	1	0	1	6.76196
0.428929	2	1	0	0	9.36746
0.429929	2	1	0	0	9.36746
0.430929	2	1	0	0	9.36746
0.431929	2	1	0	0	9.36746
0.432929	2	1	0	0	9.36746
0.433929	2	1	0	0	9.36746
0.434929	2	1	0	0	9.36746
0.435929	2	1	0	0	9.36746
0.436929	2	1	0	0	9.36746
0.437929	2	1	0	0	9.36746
0.438929	2	1	0	0	9.36746
0.439929	2	1	0	0	9.36746
0.440929	2	1	0	0	9.36746
0.441929	2	1	0	0	9.36746
0.442929	2	1	0	0	9.36746
0.443929	2	1	0	0	6.35716
0.443929	2	1	0	1	6.76196
0.444929	2	1	0	0	6.35716
0.444929	2	1	0	1	6.76196
0.445929	2	1	0	0	6.35716
0.445929	2	1	0	1	6.76196
0.446929	2	1	0	0	6.35716
0.446929	2	1	0	1	6.76196
0.447929	2	1	0	0	6.35716
0.447929	2	1	0	1	6.76196
0.448929	2	1	0	0	9.36746
0.449929	2	1	0	0	9.36746
0.450929	2	1	0	0	9.36746
0.451929	2	1	0	0	9.36746
0.452929	2	1	0	0	9.36746
0.453929	2	1	0	0	9.36746
0.454929	2	1	0	0	9.36746
0.455929	2	1	0	0	9.36746
0.456929	2	1	0	0	9.36746
0.457929	2	1	0	0	9.36746
0.458929	2	1	0	0	9.36746
0.459929	2	1	0	0	9.36746
0.460929	2	1	0	0	9.36746
0.461929	2	1	0	0	9.36746
0.462929	2	1	0	0	9.36746
0.463929	2	1	0	0	6.35716
0.463929	2	1	0	1	6.76196
0.464929	2	1	0	0	6.35716
0.464929	2	1	0	1	6.76196
0.465929	2	1	0	0	6.35716
0.465929	2	1	0	1	6.76196
0.466929	2	1	0	0	6.35716
0.466929	2	1	0	1	6.76196
0.467929	2	1	0	0	6.35716
0.467929	2	1	0	1	6.76196
0.468929	2	1	0	0	9.36746
0.469929	2	1	0	0	9.36746
0.470929	2	1	0	0	9.36746
0.471929	2	1	0	0	9.36746
0.472929	2	1	0	0	9.36746
0.473929	2	1	0	0	9.36746
0.474929	2	1	0	0	9.36746
0.475929	2	1	0	0	9.36746
0.476929	2	1	0	0	9.36746
0.477929	2	1	0	0	9.36746
0.478857	2	1	0	0	6.35716
0.478857	2	1	0	1	6.76196
0.479929	2	1	0	0	9.36746
0.480929	2	1	0	0	9.36746
0.481929	2	1	0	0	9.36746
0.482929	2	1	0	0	9.36746
0.483929	2	1	0	0	9.36746
0.484929	2	1	0	0	9.38732
0.485929	2	1	0	0	6.35716
0.485929	2	1	0	1	6.76196
0.486929	2	1	0	0	6.35716
0.486929	2	1	0	1	6.76196
0.487929	2	1	0	0	6.35716
0.487929	2	1	0	1	6.76196
0.488929	2	1	0	0	6.35716
0.488929	2	1	0	1	6.76196
0.489929	2	1	0	0	9.38732
0.490929	2	1	0	0	9.36746
0.491929	2	1	0	0	9.36746
0.492929	2	1	0	0	9.36746
0.493929	2	1	0	0	9.36746
0.494929	2	1	0	0	9.38732
0.495929	2	1	0	0	9.36746
0.496929	2	1	0	0	9.36746
0.497929	2	1	0	0	9.36746
0.498929	2	1	0	0	9.36746
0.499929	2	1	0	0	6.35716
0.499929	2	1	0	1	6.76196
0.500929	2	1	0	0	9.36746
0.501929	2	1	0	0	9.36746
0.502929	2	1	0	0	9.36746
0.503929	2	1	0	0	9.36746
0.504929	2	1	0	0	9.36746
0.505929	2	1	0	0	6.35716
0.505929	2	1	0	1	6.76196
0.506929	2	1	0	0	6.35716
0.506929	2	1	0	1	6.76196
0.507929	2	1	0	0	6.35716
0.507929	2	1	0	1	6.76196
0.508929	2	1	0	0	6.35716
0.508929	2	1	0	1	6.76196
0.509929	2	1	0	0	9.36746
0.510929	2	1	0	0	9.36746
0.511929	2	1	0	0	9.36746
0.512929	2	1	0	0	9.36746
0.513929	2	1	0	0	9.36746
0.514929	2	1	0	0	9.36746
0.515929	2	1	0	0	9.36746
0.516929	2	1	0	0	7.15858
0.517929	2	1	0	0	7.15858
0.518929	2	1	0	0	7.15858
0.519929	2	1	0	0	4.14828
0.519929	2	1	0	1	-19.421
0.520929	2	1	0	0	7.15858
0.521929	2	1	0	0	7.15858
0.522929	2	1	0	0	7.15858
0.523929	2	1	0	0	7.15858
0.524929	2	1	0	0	7.15858
0.525929	2	1	0	0	4.14828
0.525929	2	1	0	1	-19.421
0.526929	2	1	0	0	4.14828
0.526929	2	1	0	1	-19.421
0.527929	2	1	0	0	4.14828
0.527929	2	1	0	1	-19.421
0.528929	2	1	0	0	4.14828
0.528929	2	1	0	1	-19.421
0.529929	2	1	0	0	7.15858
0.530929	2	1	0	0	7.15858
0.531929	2	1	0	0	7.15858
0.532929	2	1	0	0	7.15858
0.533929	2	1	0	0	7.15858
0.534929	2	1	0	0	7.15858
0.535929	2	1	0	0	7.15858
0.536929	2	1	0	0	7.15858
0.537929	2	1	0	0	7.15858
0.538929	2	1	0	0	7.15858
0.539929	2	1	0	0	4.14828
0.539929	2	1	0	1	-19.421
0.540929	2	1	0	0	7.15858
0.541929	2	1	0	0	7.15858
0.542929	2	1	0	0	7.15858
0.543929	2	1	0	0	7.15858
0.544929	2	1	0	0	7.15858
0.545929	2	1	0	0	4.14828
0.545929	2	1	0	1	-19.421
0.546929	2	1	0	0	4.14828
0.546929	2	1	0	1	-19.421
0.547929	2	1	0	0	4.14828
0.547929	2	1	0	1	-19.421
0.548929	2	1	0	0	4.14828
0.548929	2	1	0	1	-19.421
0.549929	2	1	0	0	7.15858
0.550929	2	1	0	0	7.15858
0.551929	2	1	0	0	7.15858
0.552929	2	1	0	0	7.15858
0.553929	2	1	0	0	7.15858
0.554929	2	1	0	0	7.15858
0.555929	2	1	0	0	7.15858
0.556929	2	1	0	0	7.15858
0.557929	2	1	0	0	7.15858
0.558857	2	1	0	0	4.14828
0.558857	2	1	0	1	-19.421
0.559929	2	1	0	0	7.15858
0.560929	2	1	0	0	7.15858
0.561929	2	1	0	0	7.15858
0.562929	2	1	0	0	7.15858
0.563929	2	1	0	0	6.92745
0.564929	2	1	0	0	7.15858
0.565929	2	1	0	0	4.14828
0.565929	2	1	0	1	-19.421
0.566929	2	1	0	0	4.14828
0.566929	2	1	0	1	-19.421
0.567929	2	1	0	0	4.14828
0.567929	2	1	0	1	-19.421
0.568929	2	1	0	0	6.92745
0.569929	2	1	0	0	4.14828
0.569929	2	1	0	1	-19.421
0.570929	2	1	0	0	7.15858
0.571929	2	1	0	0	7.15858
0.572929	2	1	0	0	7.15858
0.573929	2	1	0	0	6.92745
0.574929	2	1	0	0	7.15858
0.575929	2	1	0	0	7.15858
0.576929	2	1	0	0	7.15858
0.577929	2	1	0	0	7.15858
0.578929	2	1	0	0	4.14828
0.578929	2	1	0	1	-19.421
0.579929	2	1	0	0	7.15858
0.580929	2	1	0	0	7.15858
0.581929	2	1	0	0	7.15858
0.582929	2	1	0	0	7.15858
0.583929	2	1	0	0	7.15858
0.584929	2	1	0	0	7.15858
0.585929	2	1	0	0	4.14828
0.585929	2	1	0	1	-19.421
0.586929	2	1	0	0	4.14828
0.586929	2	1	0	1	-19.421
0.587929	2	1	0	0	4.14828
0.587929	2	1	0	1	-19.421
0.588929	2	1	0	0	7.15858
0.589929	2	1	0	0	4.14828
0.589929	2	1	0	1	-19.421
0.590929	2	1	0	0	7.15858
0.591929	2	1	0	0	7.15858
0.592929	2	1	0	0	7.15858
0.593929	2	1	0	0	7.15858
0.594929	2	1	0	0	7.15858
0.595929	2	1	0	0	7.15858
0.596929	2	1	0	0	7.15858
0.597929	2	1	0	0	7.15858
0.598929	2	1	0	0	4.14828
0.598929	2	1	0	1	-19.421
0.599929	2	1	0	0	7.15858
0.600929	2	1	0	0	7.15858
0.601929	2	1	0	0	7.15858
0.602929	2	1	0	0	7.15858
0.603929	2	1	0	0	7.15858
0.604929	2	1	0	0	7.15858
0.605929	2	1	0	0	4.14828
0.605929	2	1	0	1	-19.421
0.606929	2	1	0	0	4.14828
0.606929	2	1	0	1	-19.421
0.607929	2	1	0	0	4.14828
0.607929	2	1	0	1	-19.421
0.608929	2	1	0	0	7.15858
0.609929	2	1	0	0	4.14828
0.609929	2	1	0	1	-19.421
0.610929	2	1	0	0	7.15858
0.611929	2	1	0	0	7.15858
0.612929	2	1	0	0	7.15858
0.613929	2	1	0	0	7.15858
0.614929	2	1	0	0	7.15858
0.615929	2	1	0	0	7.15858
0.616929	2	1	0	0	31.1371
0.617929	2	1	0	0	31.1371
0.618929	2	1	0	0	28.1268
0.618929	2	1	0	1	28.7388
0.619929	2	1	0	0	31.1371
0.620929	2	1	0	0	31.1371
0.621929	2	1	0	0	31.1371
0.622929	2	1	0	0	31.1371
0.623929	2	1	0	0	28.1268
0.623929	2	1	0	1	28.7388
0.624929	2	1	0	0	31.1371
0.625929	2	1	0	0	28.1268
0.625929	2	1	0	1	28.7388
0.626929	2	1	0	0	28.1268
0.626929	2	1	0	1	28.7388
0.627929	2	1	0	0	28.1268
0.627929	2	1	0	1	28.7388
0.628929	2	1	0	0	31.1371
0.629929	2	1	0	0	28.1268
0.629929	2	1	0	1	28.7388
0.630929	2	1	0	0	31.1371
0.631929	2	1	0	0	31.1371
0.632929	2	1	0	0	31.1371
0.633929	2	1	0	0	28.1268
0.633929	2	1	0	1	28.7388
0.634929	2	1	0	0	28.1268
0.634929	2	1	0	1	28.7388
0.635929	2	1	0	0	28.1268
0.635929	2	1	0	1	28.7388
0.636929	2	1	0	0	28.1268
0.636929	2	1	0	1	28.7388
0.637929	2	1	0	0	28.1268
0.637929	2	1	0	1	28.7388
0.638857	2	1	0	0	28.1268
0.638857	2	1	0	1	28.7388
0.639929	2	1	0	0	31.1371
0.640929	2	1	0	0	28.1268
0.640929	2	1	0	1	28.7388
0.641929	2	1	0	0	31.1371
0.642929	2	1	0	0	31.1371
0.643929	2	1	0	0	31.1848
0.644929	2	1	0	0	28.1268
0.644929	2	1	0	1	28.7388
0.645929	2	1	0	0	28.1268
0.645929	2	1	0	1	28.7388
0.646929	2	1	0	0	28.1268
0.646929	2	1	0	1	28.7388
0.647929	2	1	0	0	28.1268
0.647929	2	1	0	1	28.7388
0.648929	2	1	0	0	28.1268
0.648929	2	1	0	1	28.7388
0.649929	2	1	0	0	28.1268
0.649929	2	1	0	1	28.7388
0.650929	2	1	0	0	31.1371
0.651929	2	1	0	0	28.1268
0.651929	2	1	0	1	28.7388
0.652929	2	1	0	0	31.1371
0.653929	2	1	0	0	31.1371
0.654929	2	1	0	0	31.1371
0.655929	2	1	0	0	28.1268
0.655929	2	1	0	1	28.7388
0.656929	2	1	0	0	28.1268
0.656929	2	1	0	1	28.7388
0.657929	2	1	0	0	28.1268
0.657929	2	1	0	1	28.7388
0.658929	2	1	0	0	28.1268
0.658929	2	1	0	1	28.7388
0.659929	2	1	0	0	28.1268
0.659929	2	1	0	1	28.7388
0.660929	2	1	0	0	28.1268
0.660929	2	1	0	1	28.7388
0.661929	2	1	0	0	31.1371
0.662929	2	1	0	0	28.1268
0.662929	2	1	0	1	28.7388
0.663929	2	1	0	0	31.1371
0.664929	2	1	0	0	31.1371
0.665929	2	1	0	0	31.1371
0.666929	2	1	0	0	28.1268
0.666929	2	1	0	1	28.7388
0.667929	2	1	0	0	28.1268
0.667929	2	1	0	1	28.7388
0.668929	2	1	0	0	28.1268
0.668929	2	1	0	1	28.7388
0.669929	2	1	0	0	28.1268
0.669929	2	1	0	1	28.7388
0.670286	2	1	0	0	28.1268
0.670286	2	1	0	1	28.7388
0.671214	2	1	0	0	28.1268
0.671214	2	1	0	1	28.7388
0.672929	2	1	0	0	31.1371
0.673357	2	1	0	0	28.1268
0.673357	2	1	0	1	28.7388
0.674929	2	1	0	0	31.1371
0.675929	2	1	0	0	31.5437
0.676929	2	1	0	0	30.7673
0.677571	2	1	0	0	28.1268
0.677571	2	1	0	1	28.7388
0.678214	2	1	0	0	28.1268
0.678214	2	1	0	1	28.7388
0.679214	2	1	0	0	28.1268
0.679214	2	1	0	1	28.7388
0.680214	2	1	0	0	28.1268
0.680214	2	1	0	1	28.7388
0.681214	2	1	0	0	31.1371
0.682214	2	1	0	0	31.1371
0.683929	2	1	0	0	30.7673
0.684357	2	1	0	0	28.1268
0.684357	2	1	0	1	28.7388
0.685929	2	1	0	0	30.7673
0.686929	2	1	0	0	30.7673
0.687929	2	1	0	0	30.7673
0.6885	2	1	0	0	28.1268
0.6885	2	1	0	1	28.7388
0.689214	2	1	0	0	31.1371
0.690214	2	1	0	0	28.1268
0.690214	2	1	0	1	28.7388
0.691929	2	1	0	0	30.7673
0.692929	2	1	0	0	30.7673
0.693929	2	1	0	0	31.1969
0.694929	2	1	0	0	30.7673
0.695643	2	1	0	0	28.1268
0.695643	2	1	0	1	28.7388
0.696929	2	1	0	0	30.7673
0.697929	2	1	0	0	30.7673
0.698357	2	1	0	0	28.1268
0.698357	2	1	0	1	28.7388
0.699929	2	1	0	0	30.7673
0.700929	2	1	0	0	31.3362
0.701429	2	1	0	0	28.1268
0.701429	2	1	0	1	28.7388
0.702214	2	1	0	0	31.1371
0.703929	2	1	0	0	31.2761
0.704929	2	1	0	0	30.7673
0.705357	2	1	0	0	28.1268
0.705357	2	1	0	1	28.7388
0.706214	2	1	0	0	28.1268
0.706214	2	1	0	1	28.7388
0.707929	2	1	0	0	30.7673
0.708929	2	1	0	0	31.2761
0.709357	2	1	0	0	28.1268
0.709357	2	1	0	1	28.7388
0.710929	2	1	0	0	31.2761
0.711929	2	1	0	0	30.7673
0.712929	2	1	0	0	30.7673
0.713929	2	1	0	0	31.2761
0.714929	2	1	0	0	31.2761
0.715929	2	1	0	0	31.2761
0.716643	2	1	0	0	8.3668
0.716643	2	1	0	1	6.66452
0.717929	2	1	0	0	9.48911
0.718286	2	1	0	0	8.3668
0.718286	2	1	0	1	6.66452
0.719214	2	1	0	0	11.3771
0.720929	2	1	0	0	11.0627
0.721929	2	1	0	0	11.9064
0.722929	2	1	0	0	8.3668
0.722929	2	1	0	1	6.66452
0.723929	2	1	0	0	10.6519
0.724929	2	1	0	0	9.48911
0.725929	2	1	0	0	8.3668
0.725929	2	1	0	1	6.66452
0.726929	2	1	0	0	11.9064
0.727929	2	1	0	0	11.3771
0.728929	2	1	0	0	10.6519
0.729929	2	1	0	0	9.48911
0.730929	2	1	0	0	11.3771
0.731929	2	1	0	0	11.9064
0.732929	2	1	0	0	11.3771
0.733929	2	1	0	0	10.6519
0.734929	2	1	0	0	9.48911
0.735929	2	1	0	0	11.3771
0.736929	2	1	0	0	8.3668
0.736929	2	1	0	1	6.66452
0.737929	2	1	0	0	11.3771
0.738929	2	1	0	0	8.3668
0.738929	2	1	0	1	6.66452
0.739929	2	1	0	0	8.3668
0.739929	2	1	0	1	6.66452
0.740929	2	1	0	0	11.3771
0.741929	2	1	0	0	11.3771
0.742929	2	1	0	0	8.3668
0.742929	2	1	0	1	6.66452
0.743929	2	1	0	0	11.3771
0.744929	2	1	0	0	11.3771
0.745929	2	1	0	0	8.3668
0.745929	2	1	0	1	6.66452
0.746929	2	1	0	0	11.3771
0.747929	2	1	0	0	11.3771
0.748929	2	1	0	0	11.3771
0.749929	2	1	0	0	11.3771
0.750929	2	1	0	0	11.3771
0.751929	2	1	0	0	11.3771
0.752929	2	1	0	0	11.3771
0.753929	2	1	0	0	11.3771
0.754929	2	1	0	0	11.3771
0.755929	2	1	0	0	11.3771
0.756929	2	1	0	0	8.3668
0.756929	2	1	0	1	6.66452
0.757929	2	1	0	0	11.3771
0.758929	2	1	0	0	8.3668
0.758929	2	1	0	1	6.66452
0.759929	2	1	0	0	8.3668
0.759929	2	1	0	1	6.66452
0.760929	2	1	0	0	11.3771
0.761929	2	1	0	0	11.3771
0.762929	2	1	0	0	8.3668
0.762929	2	1	0	1	6.66452
0.763929	2	1	0	0	11.3771
0.764929	2	1	0	0	11.3771
0.765929	2	1	0	0	8.3668
0.765929	2	1	0	1	6.66452
0.766929	2	1	0	0	11.3771
0.767929	2	1	0	0	11.3771
0.768929	2	1	0	0	11.3771
0.769929	2	1	0	0	11.3771
0.770929	2	1	0	0	11.3771
0.771929	2	1	0	0	11.3771
0.772929	2	1	0	0	11.3771
0.773929	2	1	0	0	11.3771
0.774929	2	1	0	0	11.3771
0.775929	2	1	0	0	11.3771
0.776929	2	1	0	0	8.3668
0.776929	2	1	0	1	6.66452
0.777929	2	1	0	0	11.3771
0.778929	2	1	0	0	8.3668
0.778929	2	1	0	1	6.66452
0.779929	2	1	0	0	8.3668
0.779929	2	1	0	1	6.66452
0.780929	2	1	0	0	11.3771
0.781929	2	1	0	0	11.3771
0.782929	2	1	0	0	8.3668
0.782929	2	1	0	1	6.66452
0.783929	2	1	0	0	11.3771
0.784929	2	1	0	0	11.3771
0.785929	2	1	0	0	8.3668
0.785929	2	1	0	1	6.66452
0.786929	2	1	0	0	11.3771
0.787929	2	1	0	0	11.3771
0.788929	2	1	0	0	11.3771
0.789929	2	1	0	0	11.3771
0.790929	2	1	0	0	11.3771
0.791929	2	1	0	0	11.3771
0.792929	2	1	0	0	11.3771
0.793929	2	1	0	0	11.3771
0.794929	2	1	0	0	11.3771
0.795929	2	1	0	0	11.3771
0.796929	2	1	0	0	8.3668
0.796929	2	1	0	1	6.66452
0.797929	2	1	0	0	11.3771
0.798857	2	1	0	0	8.3668
0.798857	2	1	0	1	6.66452
0.799929	2	1	0	0	8.3668
0.799929	2	1	0	1	6.66452
0.800929	2	1	0	0	11.3771
0.801929	2	1	0	0	11.3771
0.802929	2	1	0	0	8.3668
0.802929	2	1	0	1	6.66452
0.803929	2	1	0	0	11.6847
0.804929	2	1	0	0	11.3771
0.805929	2	1	0	0	8.3668
0.805929	2	1	0	1	6.66452
0.806929	2	1	0	0	11.3771
0.807929	2	1	0	0	11.3771
0.808929	2	1	0	0	11.6847
0.809929	2	1	0	0	11.3771
0.810929	2	1	0	0	11.3771
0.811929	2	1	0	0	11.3771
0.812929	2	1	0	0	11.3771
0.813929	2	1	0	0	11.6847
0.814929	2	1	0	0	11.3771
0.815929	2	1	0	0	11.3771
0.816929	2	1	0	0	8.3668
0.816929	2	1	0	1	6.66452
0.817929	2	1	0	0	5.72681
0.818929	2	1	0	0	2.71651
0.818929	2	1	0	1	-18.4392
0.819929	2	1	0	0	2.71651
0.819929	2	1	0	1	-18.4392
0.820929	2	1	0	0	5.72681
0.821929	2	1	0	0	5.72681
0.822929	2	1	0	0	2.71651
0.822929	2	1	0	1	-18.4392
0.823929	2	1	0	0	5.72681
0.824929	2	1	0	0	5.72681
0.825929	2	1	0	0	2.71651
0.825929	2	1	0	1	-18.4392
0.826929	2	1	0	0	5.72681
0.827929	2	1	0	0	5.72681
0.828929	2	1	0	0	5.72681
0.829929	2	1	0	0	5.72681
0.830929	2	1	0	0	5.72681
0.831929	2	1	0	0	5.72681
0.832929	2	1	0	0	5.72681
0.833929	2	1	0	0	5.72681
0.834929	2	1	0	0	5.72681
0.835929	2	1	0	0	5.72681
0.836929	2	1	0	0	2.71651
0.836929	2	1	0	1	-18.4392
0.837929	2	1	0	0	5.72681
0.838929	2	1	0	0	2.71651
0.838929	2	1	0	1	-18.4392
0.839929	2	1	0	0	2.71651
0.839929	2	1	0	1	-18.4392
0.840929	2	1	0	0	5.72681
0.841929	2	1	0	0	5.72681
0.842929	2	1	0	0	2.71651
0.842929	2	1	0	1	-18.4392
0.843929	2	1	0	0	5.72681
0.844929	2	1	0	0	5.72681
0.845929	2	1	0	0	2.71651
0.845929	2	1	0	1	-18.4392
0.846929	2	1	0	0	5.72681
0.847929	2	1	0	0	5.72681
0.848929	2	1	0	0	5.72681
0.849929	2	1	0	0	5.72681
0.850929	2	1	0	0	5.72681
0.851929	2	1	0	0	5.72681
0.852929	2	1	0	0	5.72681
0.853929	2	1	0	0	5.72681
0.854929	2	1	0	0	5.72681
0.855929	2	1	0	0	5.72681
0.856929	2	1	0	0	2.71651
0.856929	2	1	0	1	-18.4392
0.857929	2	1	0	0	5.72681
0.858929	2	1	0	0	2.71651
0.858929	2	1	0	1	-18.4392
0.859929	2	1	0	0	2.71651
0.859929	2	1	0	1	-18.4392
0.860929	2	1	0	0	5.72681
0.861929	2	1	0	0	5.72681
0.862929	2	1	0	0	2.71651
0.862929	2	1	0	1	-18.4392
0.863929	2	1	0	0	5.72681
0.864929	2	1	0	0	5.72681
0.865929	2	1	0	0	2.71651
0.865929	2	1	0	1	-18.4392
0.866929	2	1	0	0	5.72681
0.867929	2	1	0	0	5.72681
0.868929	2	1	0	0	5.72681
0.869929	2	1	0	0	5.72681
0.870929	2	1	0	0	5.72681
0.871929	2	1	0	0	5.72681
0.872929	2	1	0	0	5.72681
0.873929	2	1	0	0	5.72681
0.874929	2	1	0	0	5.72681
0.875929	2	1	0	0	5.72681
0.876929	2	1	0	0	2.71651
0.876929	2	1	0	1	-18.4392
0.877929	2	1	0	0	5.72681
0.878857	2	1	0	0	2.71651
0.878857	2	1	0	1	-18.4392
0.879929	2	1	0	0	2.71651
0.879929	2	1	0	1	-18.4392
0.880929	2	1	0	0	5.72681
0.881929	2	1	0	0	5.72681
0.882929	2	1	0	0	2.71651
0.882929	2	1	0	1	-18.4392
0.883929	2	1	0	0	5.89463
0.884929	2	1	0	0	5.72681
0.885929	2	1	0	0	2.71651
0.885929	2	1	0	1	-18.4392
0.886929	2	1	0	0	5.72681
0.887929	2	1	0	0	5.72681
0.888929	2	1	0	0	5.89463
0.889929	2	1	0	0	5.72681
0.890929	2	1	0	0	5.72681
0.891929	2	1	0	0	5.72681
0.892929	2	1	0	0	5.72681
0.893929	2	1	0	0	5.89463
0.894929	2	1	0	0	5.72681
0.895929	2	1	0	0	5.72681
0.896929	2	1	0	0	2.71651
0.896929	2	1	0	1	-18.4392
0.897929	2	1	0	0	5.72681
0.898929	2	1	0	0	2.71651
0.898929	2	1	0	1	-18.4392
0.899929	2	1	0	0	2.71651
0.899929	2	1	0	1	-18.4392
0.900929	2	1	0	0	5.72681
0.901929	2	1	0	0	5.72681
0.902929	2	1	0	0	2.71651
0.902929	2	1	0	1	-18.4392
0.903929	2	1	0	0	5.72681
0.904929	2	1	0	0	5.72681
0.905929	2	1	0	0	2.71651
0.905929	2	1	0	1	-18.4392
0.906929	2	1	0	0	5.72681
0.907929	2	1	0	0	5.72681
0.908929	2	1	0	0	5.72681
0.909929	2	1	0	0	5.72681
0.910929	2	1	0	0	5.72681
0.911929	2	1	0	0	5.72681
0.912929	2	1	0	0	5.72681
0.913929	2	1	0	0	5.72681
0.914929	2	1	0	0	5.72681
0.915929	2	1	0	0	5.72681
0.916929	2	1	0	0	2.71651
0.916929	2	1	0	1	-18.4392
0.917929	2	1	0	0	6.79988
0.918929	2	1	0	0	3.78958
0.918929	2	1	0	1	5.06604
0.919929	2	1	0	0	3.78958
0.919929	2	1	0	1	5.06604
0.920929	2	1	0	0	6.79988
0.921929	2	1	0	0	6.79988
0.922929	2	1	0	0	3.78958
0.922929	2	1	0	1	5.06604
0.923929	2	1	0	0	6.79988
0.924929	2	1	0	0	6.79988
0.925929	2	1	0	0	3.78958
0.925929	2	1	0	1	5.06604
0.926929	2	1	0	0	6.79988
0.927929	2	1	0	0	6.79988
0.928929	2	1	0	0	6.79988
0.929929	2	1	0	0	6.79988
0.930929	2	1	0	0	6.79988
0.931929	2	1	0	0	6.79988
0.932929	2	1	0	0	6.79988
0.933929	2	1	0	0	6.79988
0.934929	2	1	0	0	6.79988
0.935929	2	1	0	0	6.79988
0.936929	2	1	0	0	3.78958
0.936929	2	1	0	1	5.06604
0.937929	2	1	0	0	6.79988
0.938929	2	1	0	0	3.78958
0.938929	2	1	0	1	5.06604
0.939929	2	1	0	0	3.78958
0.939929	2	1	0	1	5.06604
0.940929	2	1	0	0	6.79988
0.941929	2	1	0	0	6.79988
0.942929	2	1	0	0	3.78958
0.942929	2	1	0	1	5.06604
0.943929	2	1	0	0	6.79988
0.944929	2	1	0	0	6.79988
0.945929	2	1	0	0	3.78958
0.945929	2	1	0	1	5.06604
0.946929	2	1	0	0	6.79988
0.947929	2	1	0	0	6.79988
0.948929	2	1	0	0	6.79988
0.949929	2	1	0	0	6.79988
0.950929	2	1	0	0	6.79988
0.951929	2	1	0	0	6.79988
0.952929	2	1	0	0	6.79988
0.953929	2	1	0	0	6.79988
0.954929	2	1	0	0	6.79988
0.955929	2	1	0	0	6.79988
0.956929	2	1	0	0	3.78958
0.956929	2	1	0	1	5.06604
0.957929	2	1	0	0	6.79988
0.958857	2	1	0	0	3.78958
0.958857	2	1	0	1	5.06604
0.959929	2	1	0	0	3.78958
0.959929	2	1	0	1	5.06604
0.960929	2	1	0	0	6.79988
0.961929	2	1	0	0	6.79988
0.962929	2	1	0	0	3.78958
0.962929	2	1	0	1	5.06604
0.963929	2	1	0	0	6.87149
0.964929	2	1	0	0	6.79988
0.965929	2	1	0	0	3.78958
0.965929	2	1	0	1	5.06604
0.966929	2	1	0	0	6.79988
0.967929	2	1	0	0	6.79988
0.968929	2	1	0	0	6.87149
0.969929	2	1	0	0	6.79988
0.970929	2	1	0	0	6.79988
0.971929	2	1	0	0	6.79988
0.972929	2	1	0	0	6.79988
0.973929	2	1	0	0	6.87149
0.974929	2	1	0	0	6.79988
0.975929	2	1	0	0	6.79988
0.976929	2	1	0	0	3.78958
0.976929	2	1	0	1	5.06604
0.977929	2	1	0	0	6.79988
0.978929	2	1	0	0	3.78958
0.978929	2	1	0	1	5.06604
0.979929	2	1	0	0	3.78958
0.979929	2	1	0	1	5.06604
0.980929	2	1	0	0	6.79988
0.981929	2	1	0	0	6.79988
0.982929	2	1	0	0	3.78958
0.982929	2	1	0	1	5.06604
0.983929	2	1	0	0	6.79988
0.984929	2	1	0	0	6.79988
0.985929	2	1	0	0	3.78958
0.985929	2	1	0	1	5.06604
0.986929	2	1	0	0	6.79988
0.987929	2	1	0	0	6.79988
0.988929	2	1	0	0	6.79988
0.989929	2	1	0	0	6.79988
0.990929	2	1	0	0	6.79988
0.991929	2	1	0	0	6.79988
0.992929	2	1	0	0	6.79988
0.993929	2	1	0	0	6.79988
0.994929	2	1	0	0	6.79988
0.995929	2	1	0	0	6.79988
0.996929	2	1	0	0	3.78958
0.996929	2	1	0	1	5.06604
0.997929	2	1	0	0	6.79988
0.998929	2	1	0	0	3.78958
0.998929	2	1	0	1	5.06604
0.999929	2	1	0	0	3.78958
0.999929	2	1	0	1	5.06604
1.00093	2	1	0	0	6.79988
1.00193	2	1	0	0	6.79988
1.00293	2	1	0	0	3.78958
1.00293	2	1	0	1	5.06604
1.00393	2	1	0	0	6.79988
1.00493	2	1	0	0	6.79988
1.00593	2	1	0	0	3.78958
1.00593	2	1	0	1	5.06604
1.00693	2	1	0	0	6.79988
1.00793	2	1	0	0	6.79988
1.00893	2	1	0	0	6.79988
1.00993	2	1	0	0	6.79988
1.01093	2	1	0	0	6.79988
1.01193	2	1	0	0	6.79988
1.01293	2	1	0	0	6.79988
1.01393	2	1	0	0	6.79988
1.01493	2	1	0	0	6.79988
1.01593	2	1	0	0	6.79988
1.01693	2	1	0	0	3.78958
1.01693	2	1	0	1	5.06604
1.01793	2	1	0	0	10.7092
1.01893	2	1	0	0	7.69894
1.01893	2	1	0	1	7.41831
1.01993	2	1	0	0	7.69894
1.01993	2	1	0	1	7.41831
1.02093	2	1	0	0	10.7092
1.02193	2	1	0	0	10.7092
1.02293	2	1	0	0	7.69894
1.02293	2	1	0	1	7.41831
1.02393	2	1	0	0	10.7092
1.02493	2	1	0	0	10.7092
1.02593	2	1	0	0	7.69894
1.02593	2	1	0	1	7.41831
1.02693	2	1	0	0	10.7092
1.02793	2	1	0	0	10.7092
1.02893	2	1	0	0	10.7092
1.02993	2	1	0	0	10.7092
1.03093	2	1	0	0	10.7092
1.03193	2	1	0	0	10.7092
1.03293	2	1	0	0	10.7092
1.03393	2	1	0	0	10.7092
1.03493	2	1	0	0	10.7092
1.03593	2	1	0	0	10.7092
1.03693	2	1	0	0	7.69894
1.03693	2	1	0	1	7.41831
1.03793	2	1	0	0	10.7092
1.03886	2	1	0	0	7.69894
1.03886	2	1	0	1	7.41831
1.03993	2	1	0	0	7.69894
1.03993	2	1	0	1	7.41831
1.04093	2	1	0	0	10.7092
1.04193	2	1	0	0	10.7092
1.04293	2	1	0	0	7.69894
1.04293	2	1	0	1	7.41831
1.04393	2	1	0	0	10.7839
1.04493	2	1	0	0	10.7092
1.04593	2	1	0	0	7.69894
1.04593	2	1	0	1	7.41831
1.04693	2	1	0	0	10.7092
1.04793	2	1	0	0	10.7092
1.04893	2	1	0	0	10.7839
1.04993	2	1	0	0	10.7092
1.05093	2	1	0	0	10.7092
1.05193	2	1	0	0	10.7092
1.05293	2	1	0	0	10.7092
1.05393	2	1	0	0	10.7839
1.05493	2	1	0	0	10.7092
1.05593	2	1	0	0	10.7092
1.05693	2	1	0	0	7.69894
1.05693	2	1	0	1	7.41831
1.05793	2	1	0	0	10.7092
1.05893	2	1	0	0	7.69894
1.05893	2	1	0	1	7.41831
1.05993	2	1	0	0	7.69894
1.05993	2	1	0	1	7.41831
1.06093	2	1	0	0	10.7092
1.06193	2	1	0	0	10.7092
1.06293	2	1	0	0	7.69894
1.06293	2	1	0	1	7.41831
1.06393	2	1	0	0	10.7092
1.06493	2	1	0	0	10.7092
1.06593	2	1	0	0	7.69894
1.06593	2	1	0	1	7.41831
1.06693	2	1	0	0	10.7092
1.06793	2	1	0	0	10.7092
1.06893	2	1	0	0	10.7092
1.06993	2	1	0	0	10.7092
1.07093	2	1	0	0	10.7092
1.07193	2	1	0	0	10.7092
1.07293	2	1	0	0	10.7092
1.07393	2	1	0	0	10.7092
1.07493	2	1	0	0	10.7092
1.07593	2	1	0	0	10.7092
1.07693	2	1	0	0	7.69894
1.07693	2	1	0	1	7.41831
1.07793	2	1	0	0	10.7092
1.07893	2	1	0	0	7.69894
1.07893	2	1	0	1	7.41831
1.07993	2	1	0	0	7.69894
1.07993	2	1	0	1	7.41831
1.08093	2	1	0	0	10.7092
1.08193	2	1	0	0	10.7092
1.08293	2	1	0	0	7.69894
1.08293	2	1	0	1	7.41831
1.08393	2	1	0	0	10.7092
1.08493	2	1	0	0	10.7092
1.08593	2	1	0	0	7.69894
1.08593	2	1	0	1	7.41831
1.08693	2	1	0	0	10.7092
1.08793	2	1	0	0	10.7092
1.08893	2	1	0	0	10.7092
1.08993	2	1	0	0	10.7092
1.09093	2	1	0	0	10.7092
1.09193	2	1	0	0	10.7092
1.09293	2	1	0	0	10.7092
1.09393	2	1	0	0	10.7092
1.09493	2	1	0	0	10.7092
1.09593	2	1	0	0	10.7092
1.09693	2	1	0	0	7.69894
1.09693	2	1	0	1	7.41831
1.09793	2	1	0	0	10.7092
1.09893	2	1	0	0	7.69894
1.09893	2	1	0	1	7.41831
1.09993	2	1	0	0	7.69894
1.09993	2	1	0	1	7.41831
1.10093	2	1	0	0	10.7092
1.10193	2	1	0	0	10.7092
1.10293	2	1	0	0	7.69894
1.10293	2	1	0	1	7.41831
1.10393	2	1	0	0	10.7092
1.10493	2	1	0	0	10.7092
1.10593	2	1	0	0	7.69894
1.10593	2	1	0	1	7.41831
1.10693	2	1	0	0	10.7092
1.10793	2	1	0	0	10.7092
1.10893	2	1	0	0	10.7092
1.10993	2	1	0	0	10.7092
1.11093	2	1	0	0	10.7092
1.11193	2	1	0	0	10.7092
1.11293	2	1	0	0	10.7092
1.11393	2	1	0	0	10.7092
1.11493	2	1	0	0	10.7092
1.11593	2	1	0	0	10.7092
1.11693	2	1	0	0	7.69894
1.11693	2	1	0	1	7.41831
1.11793	2	1	0	0	10.7092
1.11886	2	1	0	0	2.45538
1.11886	2	1	0	1	-20.4539
1.11993	2	1	0	0	2.45538
1.11993	2	1	0	1	-20.4539
1.12093	2	1	0	0	5.46568
1.12193	2	1	0	0	5.46568
1.12293	2	1	0	0	2.45538
1.12293	2	1	0	1	-20.4539
1.12393	2	1	0	0	5.45204
1.12493	2	1	0	0	5.46568
1.12593	2	1	0	0	2.45538
1.12593	2	1	0	1	-20.4539
1.12693	2	1	0	0	5.46568
1.12793	2	1	0	0	5.46568
1.12893	2	1	0	0	5.45204
1.12993	2	1	0	0	5.46568
1.13093	2	1	0	0	5.46568
1.13193	2	1	0	0	5.46568
1.13293	2	1	0	0	5.46568
1.13393	2	1	0	0	5.45204
1.13493	2	1	0	0	5.46568
1.13593	2	1	0	0	5.46568
1.13693	2	1	0	0	2.45538
1.13693	2	1	0	1	-20.4539
1.13793	2	1	0	0	5.46568
1.13893	2	1	0	0	2.45538
1.13893	2	1	0	1	-20.4539
1.13993	2	1	0	0	2.45538
1.13993	2	1	0	1	-20.4539
1.14093	2	1	0	0	5.46568
1.14193	2	1	0	0	5.46568
1.14293	2	1	0	0	2.45538
1.14293	2	1	0	1	-20.4539
1.14393	2	1	0	0	5.46568
1.14493	2	1	0	0	5.46568
1.14593	2	1	0	0	2.45538
1.14593	2	1	0	1	-20.4539
1.14693	2	1	0	0	5.46568
1.14793	2	1	0	0	5.46568
1.14893	2	1	0	0	5.46568
1.14993	2	1	0	0	5.46568
1.15093	2	1	0	0	5.46568
1.15193	2	1	0	0	5.46568
1.15293	2	1	0	0	5.46568
1.15393	2	1	0	0	5.46568
1.15493	2	1	0	0	5.46568
1.15593	2	1	0	0	5.46568
1.15693	2	1	0	0	2.45538
1.15693	2	1	0	1	-20.4539
1.15793	2	1	0	0	5.46568
1.15893	2	1	0	0	2.45538
1.15893	2	1	0	1	-20.4539
1.15993	2	1	0	0	2.45538
1.15993	2	1	0	1	-20.4539
1.16093	2	1	0	0	5.46568
1.16193	2	1	0	0	5.46568
1.16293	2	1	0	0	2.45538
1.16293	2	1	0	1	-20.4539
1.16393	2	1	0	0	5.46568
1.16493	2	1	0	0	5.46568
1.16593	2	1	0	0	2.45538
1.16593	2	1	0	1	-20.4539
1.16693	2	1	0	0	5.46568
1.16793	2	1	0	0	5.46568
1.16893	2	1	0	0	5.46568
1.16993	2	1	0	0	5.46568
1.17093	2	1	0	0	5.46568
1.17193	2	1	0	0	5.46568
1.17293	2	1	0	0	5.46568
1.17393	2	1	0	0	5.46568
1.17493	2	1	0	0	5.46568
1.17593	2	1	0	0	5.46568
1.17693	2	1	0	0	2.45538
1.17693	2	1	0	1	-20.4539
1.17793	2	1	0	0	5.46568
1.17893	2	1	0	0	2.45538
1.17893	2	1	0	1	-20.4539
1.17993	2	1	0	0	2.45538
1.17993	2	1	0	1	-20.4539
1.18093	2	1	0	0	5.46568
1.18193	2	1	0	0	5.46568
1.18293	2	1	0	0	2.45538
1.18293	2	1	0	1	-20.4539
1.18393	2	1	0	0	5.46568
1.18493	2	1	0	0	5.46568
1.18593	2	1	0	0	2.45538
1.18593	2	1	0	1	-20.4539
1.18693	2	1	0	0	5.46568
1.18793	2	1	0	0	5.46568
1.18893	2	1	0	0	5.46568
1.18993	2	1	0	0	5.46568
1.19093	2	1	0	0	5.46568
1.19193	2	1	0	0	5.46568
1.19293	2	1	0	0	5.46568
1.19393	2	1	0	0	5.46568
1.19493	2	1	0	0	5.46568
1.19593	2	1	0	0	5.46568
1.19693	2	1	0	0	2.45538
1.19693	2	1	0	1	-20.4539
1.19793	2	1	0	0	5.46568
1.19886	2	1	0	0	2.45538
1.19886	2	1	0	1	-20.4539
1.19993	2	1	0	0	2.45538
1.19993	2	1	0	1	-20.4539
1.20093	2	1	0	0	5.46568
1.20193	2	1	0	0	5.46568
1.20293	2	1	0	0	2.45538
1.20293	2	1	0	1	-20.4539
1.20393	2	1	0	0	5.45204
1.20493	2	1	0	0	5.46568
1.20593	2	1	0	0	2.45538
1.20593	2	1	0	1	-20.4539
1.20693	2	1	0	0	5.46568
1.20793	2	1	0	0	5.46568
1.20893	2	1	0	0	5.45204
1.20993	2	1	0	0	5.46568
1.21093	2	1	0	0	5.46568
1.21193	2	1	0	0	5.46568
1.21293	2	1	0	0	5.46568
1.21393	2	1	0	0	5.45204
1.21493	2	1	0	0	5.46568
1.21593	2	1	0	0	5.46568
1.21693	2	1	0	0	2.45538
1.21693	2	1	0	1	-20.4539
1.21793	2	1	0	0	5.46568
1.21893	2	1	0	0	9.97931
1.21893	2	1	0	1	9.22529
1.21993	2	1	0	0	9.97931
1.21993	2	1	0	1	9.22529
1.22093	2	1	0	0	12.9896
1.22193	2	1	0	0	12.9896
1.22293	2	1	0	0	9.97931
1.22293	2	1	0	1	9.22529
1.22393	2	1	0	0	12.9896
1.22493	2	1	0	0	12.9896
1.22593	2	1	0	0	9.97931
1.22593	2	1	0	1	9.22529
1.22693	2	1	0	0	12.9896
1.22793	2	1	0	0	12.9896
1.22893	2	1	0	0	12.9896
1.22993	2	1	0	0	12.9896
1.23093	2	1	0	0	12.9896
1.23193	2	1	0	0	12.9896
1.23293	2	1	0	0	12.9896
1.23393	2	1	0	0	12.9896
1.23493	2	1	0	0	12.9896
1.23593	2	1	0	0	12.9896
1.23693	2	1	0	0	9.97931
1.23693	2	1	0	1	9.22529
1.23793	2	1	0	0	12.9896
1.23893	2	1	0	0	9.97931
1.23893	2	1	0	1	9.22529
1.23993	2	1	0	0	9.97931
1.23993	2	1	0	1	9.22529
1.24093	2	1	0	0	12.9896
1.24193	2	1	0	0	12.9896
1.24293	2	1	0	0	9.97931
1.24293	2	1	0	1	9.22529
1.24393	2	1	0	0	12.9896
1.24493	2	1	0	0	12.9896
1.24593	2	1	0	0	9.97931
1.24593	2	1	0	1	9.22529
1.24693	2	1	0	0	12.9896
1.24793	2	1	0	0	12.9896
1.24893	2	1	0	0	12.9896
1.24993	2	1	0	0	12.9896
1.25093	2	1	0	0	12.9896
1.25193	2	1	0	0	12.9896
1.25293	2	1	0	0	12.9896
1.25393	2	1	0	0	12.9896
1.25493	2	1	0	0	12.9896
1.25593	2	1	0	0	12.9896
1.25693	2	1	0	0	9.97931
1.25693	2	1	0	1	9.22529
1.25793	2	1	0	0	12.9896
1.25893	2	1	0	0	9.97931
1.25893	2	1	0	1	9.22529
1.25993	2	1	0	0	9.97931
1.25993	2	1	0	1	9.22529
1.26093	2	1	0	0	12.9896
1.26193	2	1	0	0	12.9896
1.26293	2	1	0	0	9.97931
1.26293	2	1	0	1	9.22529
1.26393	2	1	0	0	12.9896
1.26493	2	1	0	0	12.9896
1.26593	2	1	0	0	9.97931
1.26593	2	1	0	1	9.22529
1.26693	2	1	0	0	12.9896
1.26793	2	1	0	0	12.9896
1.26893	2	1	0	0	12.9896
1.26993	2	1	0	0	12.9896
1.27093	2	1	0	0	12.9896
1.27193	2	1	0	0	12.9896
1.27293	2	1	0	0	12.9896
1.27393	2	1	0	0	12.9896
1.27493	2	1	0	0	12.9896
1.27593	2	1	0	0	12.9896
1.27693	2	1	0	0	9.97931
1.27693	2	1	0	1	9.22529
1.27793	2	1	0	0	12.9896
1.27886	2	1	0	0	9.97931
1.27886	2	1	0	1	9.22529
1.27993	2	1	0	0	9.97931
1.27993	2	1	0	1	9.22529
1.28093	2	1	0	0	12.9896
1.28193	2	1	0	0	12.9896
1.28293	2	1	0	0	9.97931
1.28293	2	1	0	1	9.22529
1.28393	2	1	0	0	13.275
1.28493	2	1	0	0	12.9896
1.28593	2	1	0	0	9.97931
1.28593	2	1	0	1	9.22529
1.28693	2	1	0	0	12.9896
1.28793	2	1	0	0	12.9896
1.28893	2	1	0	0	13.275
1.28993	2	1	0	0	12.9896
1.29093	2	1	0	0	12.9896
1.29193	2	1	0	0	12.9896
1.29293	2	1	0	0	12.9896
1.29393	2	1	0	0	13.275
1.29493	2	1	0	0	12.9896
1.29593	2	1	0	0	12.9896
1.29693	2	1	0	0	9.97931
1.29693	2	1	0	1	9.22529
1.29793	2	1	0	0	12.9896
1.29893	2	1	0	0	9.97931
1.29893	2	1	0	1	9.22529
1.29993	2	1	0	0	9.97931
1.29993	2	1	0	1	9.22529
1.30093	2	1	0	0	12.9896
1.30193	2	1	0	0	12.9896
1.30293	2	1	0	0	9.97931
1.30293	2	1	0	1	9.22529
1.30393	2	1	0	0	12.9896
1.30493	2	1	0	0	12.9896
1.30593	2	1	0	0	9.97931
1.30593	2	1	0	1	9.22529
1.30693	2	1	0	0	12.9896
1.30793	2	1	0	0	12.9896
1.30893	2	1	0	0	12.9896
1.30993	2	1	0	0	12.9896
1.31093	2	1	0	0	12.9896
1.31193	2	1	0	0	12.9896
1.31293	2	1	0	0	12.9896
1.31393	2	1	0	0	12.9896
1.31493	2	1	0	0	12.9896
1.31593	2	1	0	0	12.9896
1.31693	2	1	0	0	9.97931
1.31693	2	1	0	1	9.22529
1.31793	2	1	0	0	12.9896
1.31893	2	1	0	0	29.7955
1.31893	2	1	0	1	29.1335
1.31993	2	1	0	0	29.7955
1.31993	2	1	0	1	29.1335
1.32093	2	1	0	0	32.8058
1.32193	2	1	0	0	32.8058
1.32293	2	1	0	0	29.7955
1.32293	2	1	0	1	29.1335
1.32393	2	1	0	0	29.7955
1.32393	2	1	0	1	29.1335
1.32493	2	1	0	0	29.7955
1.32493	2	1	0	1	29.1335
1.32593	2	1	0	0	29.7955
1.32593	2	1	0	1	29.1335
1.32693	2	1	0	0	29.7955
1.32693	2	1	0	1	29.1335
1.32793	2	1	0	0	29.7955
1.32793	2	1	0	1	29.1335
1.32893	2	1	0	0	29.7955
1.32893	2	1	0	1	29.1335
1.32993	2	1	0	0	29.7955
1.32993	2	1	0	1	29.1335
1.33093	2	1	0	0	29.7955
1.33093	2	1	0	1	29.1335
1.33193	2	1	0	0	32.8058
1.33293	2	1	0	0	32.8058
1.33393	2	1	0	0	29.7955
1.33393	2	1	0	1	29.1335
1.33493	2	1	0	0	29.7955
1.33493	2	1	0	1	29.1335
1.33593	2	1	0	0	29.7955
1.33593	2	1	0	1	29.1335
1.33693	2	1	0	0	29.7955
1.33693	2	1	0	1	29.1335
1.33793	2	1	0	0	29.7955
1.33793	2	1	0	1	29.1335
1.33893	2	1	0	0	29.7955
1.33893	2	1	0	1	29.1335
1.33993	2	1	0	0	29.7955
1.33993	2	1	0	1	29.1335
1.34093	2	1	0	0	29.7955
1.34093	2	1	0	1	29.1335
1.34193	2	1	0	0	29.7955
1.34193	2	1	0	1	29.1335
1.34293	2	1	0	0	32.8058
1.34393	2	1	0	0	32.8058
1.34493	2	1	0	0	29.7955
1.34493	2	1	0	1	29.1335
1.34593	2	1	0	0	29.7955
1.34593	2	1	0	1	29.1335
1.34693	2	1	0	0	29.7955
1.34693	2	1	0	1	29.1335
1.34793	2	1	0	0	29.7955
1.34793	2	1	0	1	29.1335
1.34893	2	1	0	0	29.7955
1.34893	2	1	0	1	29.1335
1.34993	2	1	0	0	29.7955
1.34993	2	1	0	1	29.1335
1.35093	2	1	0	0	29.7955
1.35093	2	1	0	1	29.1335
1.35193	2	1	0	0	29.7955
1.35193	2	1	0	1	29.1335
1.35293	2	1	0	0	29.7955
1.35293	2	1	0	1	29.1335
1.35393	2	1	0	0	32.8058
1.35493	2	1	0	0	32.8058
1.35593	2	1	0	0	29.7955
1.35593	2	1	0	1	29.1335
1.35693	2	1	0	0	29.7955
1.35693	2	1	0	1	29.1335
1.35793	2	1	0	0	29.7955
1.35793	2	1	0	1	29.1335
1.35886	2	1	0	0	29.7955
1.35886	2	1	0	1	29.1335
1.35993	2	1	0	0	29.7955
1.35993	2	1	0	1	29.1335
1.36093	2	1	0	0	29.7955
1.36093	2	1	0	1	29.1335
1.36193	2	1	0	0	29.7955
1.36193	2	1	0	1	29.1335
1.36293	2	1	0	0	29.7955
1.36293	2	1	0	1	29.1335
1.36393	2	1	0	0	29.7955
1.36393	2	1	0	1	29.1335
1.36493	2	1	0	0	32.8058
1.36593	2	1	0	0	32.8058
1.36693	2	1	0	0	29.7955
1.36693	2	1	0	1	29.1335
1.36793	2	1	0	0	29.7955
1.36793	2	1	0	1	29.1335
1.36893	2	1	0	0	29.7955
1.36893	2	1	0	1	29.1335
1.36993	2	1	0	0	29.7955
1.36993	2	1	0	1	29.1335
1.37093	2	1	0	0	29.7955
1.37093	2	1	0	1	29.1335
1.37193	2	1	0	0	29.7955
1.37193	2	1	0	1	29.1335
1.37293	2	1	0	0	29.7955
1.37293	2	1	0	1	29.1335
1.37393	2	1	0	0	29.7955
1.37393	2	1	0	1	29.1335
1.37493	2	1	0	0	29.7955
1.37493	2	1	0	1	29.1335
1.37593	2	1	0	0	32.8058
1.37693	2	1	0	0	32.8058
1.37793	2	1	0	0	29.7955
1.37793	2	1	0	1	29.1335
1.37893	2	1	0	0	29.7955
1.37893	2	1	0	1	29.1335
1.37993	2	1	0	0	29.7955
1.37993	2	1	0	1	29.1335
1.38093	2	1	0	0	29.7955
1.38093	2	1	0	1	29.1335
1.38193	2	1	0	0	29.7955
1.38193	2	1	0	1	29.1335
1.38293	2	1	0	0	29.7955
1.38293	2	1	0	1	29.1335
1.38393	2	1	0	0	29.7955
1.38393	2	1	0	1	29.1335
1.38493	2	1	0	0	29.7955
1.38493	2	1	0	1	29.1335
1.38593	2	1	0	0	29.7955
1.38593	2	1	0	1	29.1335
1.38693	2	1	0	0	32.8058
1.38793	2	1	0	0	32.8058
1.38893	2	1	0	0	29.7955
1.38893	2	1	0	1	29.1335
1.38993	2	1	0	0	29.7955
1.38993	2	1	0	1	29.1335
1.39093	2	1	0	0	29.7955
1.39093	2	1	0	1	29.1335
1.39193	2	1	0	0	29.7955
1.39193	2	1	0	1	29.1335
1.39293	2	1	0	0	29.7955
1.39293	2	1	0	1	29.1335
1.39393	2	1	0	0	29.7955
1.39393	2	1	0	1	29.1335
1.39493	2	1	0	0	29.7955
1.39493	2	1	0	1	29.1335
1.39593	2	1	0	0	29.7955
1.39593	2	1	0	1	29.1335
1.39693	2	1	0	0	29.7955
1.39693	2	1	0	1	29.1335
1.39793	2	1	0	0	32.8058
1.39893	2	1	0	0	32.8058
1.39993	2	1	0	0	29.7955
1.39993	2	1	0	1	29.1335
1.40093	2	1	0	0	29.7955
1.40093	2	1	0	1	29.1335
1.40193	2	1	0	0	29.7955
1.40193	2	1	0	1	29.1335
1.40293	2	1	0	0	29.7955
1.40293	2	1	0	1	29.1335
1.40393	2	1	0	0	29.7955
1.40393	2	1	0	1	29.1335
1.40493	2	1	0	0	29.7955
1.40493	2	1	0	1	29.1335
1.40593	2	1	0	0	29.7955
1.40593	2	1	0	1	29.1335
1.40693	2	1	0	0	29.7955
1.40693	2	1	0	1	29.1335
1.40793	2	1	0	0	29.7955
1.40793	2	1	0	1	29.1335
1.40893	2	1	0	0	32.8058
1.40993	2	1	0	0	32.8058
1.41093	2	1	0	0	29.7955
1.41093	2	1	0	1	29.1335
1.41193	2	1	0	0	29.7955
1.41193	2	1	0	1	29.1335
1.41293	2	1	0	0	29.7955
1.41293	2	1	0	1	29.1335
1.41393	2	1	0	0	29.7955
1.41393	2	1	0	1	29.1335
1.41493	2	1	0	0	29.7955
1.41493	2	1	0	1	29.1335
1.41593	2	1	0	0	29.7955
1.41593	2	1	0	1	29.1335
1.41693	2	1	0	0	29.7955
1.41693	2	1	0	1	29.1335
1.41721	2	1	0	0	29.7955
1.41721	2	1	0	1	29.1335
1.41821	2	1	0	0	29.7955
1.41821	2	1	0	1	29.1335
1.41993	2	1	0	0	11.1975
1.42093	2	1	0	0	11.1975
1.42143	2	1	0	0	8.18724
1.42143	2	1	0	1	-21.5732
1.42221	2	1	0	0	8.18724
1.42221	2	1	0	1	-21.5732
1.42321	2	1	0	0	8.18724
1.42321	2	1	0	1	-21.5732
1.42493	2	1	0	0	11.1975
1.42593	2	1	0	0	11.1975
1.42693	2	1	0	0	10.7348
1.42793	2	1	0	0	10.3003
1.42893	2	1	0	0	10.3003
1.42993	2	1	0	0	11.1975
1.43093	2	1	0	0	11.1975
1.43193	2	1	0	0	10.7348
1.43293	2	1	0	0	10.3003
1.43393	2	1	0	0	10.3003
1.43493	2	1	0	0	8.18724
1.43493	2	1	0	1	-21.5732
1.43593	2	1	0	0	8.18724
1.43593	2	1	0	1	-21.5732
1.43693	2	1	0	0	10.7348
1.43793	2	1	0	0	10.3003
1.43886	2	1	0	0	10.4848
1.43993	2	1	0	0	11.1975
1.44093	2	1	0	0	11.1975
1.44193	2	1	0	0	8.18724
1.44193	2	1	0	1	-21.5732
1.44293	2	1	0	0	8.18724
1.44293	2	1	0	1	-21.5732
1.44393	2	1	0	0	8.18724
1.44393	2	1	0	1	-21.5732
1.44493	2	1	0	0	11.1975
1.44593	2	1	0	0	11.1975
1.44693	2	1	0	0	11.1975
1.44793	2	1	0	0	11.1975
1.44893	2	1	0	0	11.1975
1.44993	2	1	0	0	11.1975
1.45093	2	1	0	0	11.1975
1.45193	2	1	0	0	11.1975
1.45293	2	1	0	0	11.1975
1.45393	2	1	0	0	11.1975
1.45493	2	1	0	0	8.18724
1.45493	2	1	0	1	-21.5732
1.45593	2	1	0	0	8.18724
1.45593	2	1	0	1	-21.5732
1.45693	2	1	0	0	11.1975
1.45793	2	1	0	0	11.1975
1.45893	2	1	0	0	11.1975
1.45993	2	1	0	0	11.1975
1.46093	2	1	0	0	11.1975
1.46193	2	1	0	0	8.18724
1.46193	2	1	0	1	-21.5732
1.46293	2	1	0	0	8.18724
1.46293	2	1	0	1	-21.5732
1.46393	2	1	0	0	8.18724
1.46393	2	1	0	1	-21.5732
1.46493	2	1	0	0	11.1975
1.46593	2	1	0	0	11.1975
1.46693	2	1	0	0	11.1975
1.46793	2	1	0	0	11.1975
1.46893	2	1	0	0	11.1975
1.46993	2	1	0	0	11.1975
1.47093	2	1	0	0	11.1975
1.47193	2	1	0	0	11.1975
1.47293	2	1	0	0	11.1975
1.47393	2	1	0	0	11.1975
1.47493	2	1	0	0	8.18724
1.47493	2	1	0	1	-21.5732
1.47593	2	1	0	0	8.18724
1.47593	2	1	0	1	-21.5732
1.47693	2	1	0	0	11.1975
1.47793	2	1	0	0	11.1975
1.47893	2	1	0	0	11.1975
1.47993	2	1	0	0	11.1975
1.48093	2	1	0	0	11.1975
1.48193	2	1	0	0	8.18724
1.48193	2	1	0	1	-21.5732
1.48293	2	1	0	0	8.18724
1.48293	2	1	0	1	-21.5732
1.48393	2	1	0	0	8.18724
1.48393	2	1	0	1	-21.5732
1.48493	2	1	0	0	11.1975
1.48593	2	1	0	0	11.1975
1.48693	2	1	0	0	11.1975
1.48793	2	1	0	0	11.1975
1.48893	2	1	0	0	11.1975
1.48993	2	1	0	0	11.1975
1.49093	2	1	0	0	11.1975
1.49193	2	1	0	0	11.1975
1.49293	2	1	0	0	11.1975
1.49393	2	1	0	0	11.1975
1.49493	2	1	0	0	8.18724
1.49493	2	1	0	1	-21.5732
1.49593	2	1	0	0	8.18724
1.49593	2	1	0	1	-21.5732
1.49693	2	1	0	0	11.1975
1.49793	2	1	0	0	11.1975
1.49893	2	1	0	0	11.1975
1.49993	2	1	0	0	11.1975
1.50093	2	1	0	0	11.1975
1.50193	2	1	0	0	8.18724
1.50193	2	1	0	1	-21.5732
1.50293	2	1	0	0	8.18724
1.50293	2	1	0	1	-21.5732
1.50393	2	1	0	0	8.18724
1.50393	2	1	0	1	-21.5732
1.50493	2	1	0	0	11.1975
1.50593	2	1	0	0	11.1975
1.50693	2	1	0	0	11.1975
1.50793	2	1	0	0	11.1975
1.50893	2	1	0	0	11.1975
1.50993	2	1	0	0	11.1975
1.51093	2	1	0	0	11.1975
1.51193	2	1	0	0	11.1975
1.51293	2	1	0	0	11.1975
1.51393	2	1	0	0	11.1975
1.51493	2	1	0	0	8.18724
1.51493	2	1	0	1	-21.5732
1.51593	2	1	0	0	8.18724
1.51593	2	1	0	1	-21.5732
1.51693	2	1	0	0	11.1975
1.51793	2	1	0	0	11.1975
1.51886	2	1	0	0	8.18724
1.51886	2	1	0	1	-21.5732
1.51993	2	1	0	0	10.0897
1.52093	2	1	0	0	10.0897
1.52193	2	1	0	0	10.0897
1.52293	2	1	0	0	7.07937
1.52293	2	1	0	1	10.0334
1.52393	2	1	0	0	10.3198
1.52493	2	1	0	0	7.07937
1.52493	2	1	0	1	10.0334
1.52593	2	1	0	0	10.0897
1.52693	2	1	0	0	10.0897
1.52793	2	1	0	0	10.0897
1.52893	2	1	0	0	10.3198
1.52993	2	1	0	0	10.0897
1.53093	2	1	0	0	10.0897
1.53193	2	1	0	0	10.0897
1.53293	2	1	0	0	10.0897
1.53393	2	1	0	0	10.3198
1.53493	2	1	0	0	10.0897
1.53593	2	1	0	0	7.07937
1.53593	2	1	0	1	10.0334
1.53693	2	1	0	0	7.07937
1.53693	2	1	0	1	10.0334
1.53793	2	1	0	0	10.0897
1.53893	2	1	0	0	7.07937
1.53893	2	1	0	1	10.0334
1.53993	2	1	0	0	10.0897
1.54093	2	1	0	0	10.0897
1.54193	2	1	0	0	10.0897
1.54293	2	1	0	0	7.07937
1.54293	2	1	0	1	10.0334
1.54393	2	1	0	0	10.0897
1.54493	2	1	0	0	7.07937
1.54493	2	1	0	1	10.0334
1.54593	2	1	0	0	10.0897
1.54693	2	1	0	0	10.0897
1.54793	2	1	0	0	10.0897
1.54893	2	1	0	0	10.0897
1.54993	2	1	0	0	10.0897
1.55093	2	1	0	0	10.0897
1.55193	2	1	0	0	10.0897
1.55293	2	1	0	0	10.0897
1.55393	2	1	0	0	10.0897
1.55493	2	1	0	0	10.0897
1.55593	2	1	0	0	7.07937
1.55593	2	1	0	1	10.0334
1.55693	2	1	0	0	7.07937
1.55693	2	1	0	1	10.0334
1.55793	2	1	0	0	10.0897
1.55893	2	1	0	0	7.07937
1.55893	2	1	0	1	10.0334
1.55993	2	1	0	0	10.0897
1.56093	2	1	0	0	10.0897
1.56193	2	1	0	0	10.0897
1.56293	2	1	0	0	7.07937
1.56293	2	1	0	1	10.0334
1.56393	2	1	0	0	10.0897
1.56493	2	1	0	0	7.07937
1.56493	2	1	0	1	10.0334
1.56593	2	1	0	0	10.0897
1.56693	2	1	0	0	10.0897
1.56793	2	1	0	0	10.0897
1.56893	2	1	0	0	10.0897
1.56993	2	1	0	0	10.0897
1.57093	2	1	0	0	10.0897
1.57193	2	1	0	0	10.0897
1.57293	2	1	0	0	10.0897
1.57393	2	1	0	0	10.0897
1.57493	2	1	0	0	10.0897
1.57593	2	1	0	0	7.07937
1.57593	2	1	0	1	10.0334
1.57693	2	1	0	0	7.07937
1.57693	2	1	0	1	10.0334
1.57793	2	1	0	0	10.0897
1.57893	2	1	0	0	7.07937
1.57893	2	1	0	1	10.0334
1.57993	2	1	0	0	10.0897
1.58093	2	1	0	0	10.0897
1.58193	2	1	0	0	10.0897
1.58293	2	1	0	0	7.07937
1.58293	2	1	0	1	10.0334
1.58393	2	1	0	0	10.0897
1.58493	2	1	0	0	7.07937
1.58493	2	1	0	1	10.0334
1.58593	2	1	0	0	10.0897
1.58693	2	1	0	0	10.0897
1.58793	2	1	0	0	10.0897
1.58893	2	1	0	0	10.0897
1.58993	2	1	0	0	10.0897
1.59093	2	1	0	0	10.0897
1.59193	2	1	0	0	10.0897
1.59293	2	1	0	0	10.0897
1.59393	2	1	0	0	10.0897
1.59493	2	1	0	0	10.0897
1.59593	2	1	0	0	7.07937
1.59593	2	1	0	1	10.0334
1.59693	2	1	0	0	7.07937
1.59693	2	1	0	1	10.0334
1.59793	2	1	0	0	10.0897
1.59886	2	1	0	0	7.07937
1.59886	2	1	0	1	10.0334
1.59993	2	1	0	0	10.0897
1.60093	2	1	0	0	10.0897
1.60193	2	1	0	0	10.0897
1.60293	2	1	0	0	7.07937
1.60293	2	1	0	1	10.0334
1.60393	2	1	0	0	10.3198
1.60493	2	1	0	0	7.07937
1.60493	2	1	0	1	10.0334
1.60593	2	1	0	0	10.0897
1.60693	2	1	0	0	10.0897
1.60793	2	1	0	0	10.0897
1.60893	2	1	0	0	10.3198
1.60993	2	1	0	0	10.0897
1.61093	2	1	0	0	10.0897
1.61193	2	1	0	0	10.0897
1.61293	2	1	0	0	10.0897
1.61393	2	1	0	0	10.3198
1.61493	2	1	0	0	10.0897
1.61593	2	1	0	0	7.07937
1.61593	2	1	0	1	10.0334
1.61693	2	1	0	0	7.07937
1.61693	2	1	0	1	10.0334
1.61793	2	1	0	0	10.0897
1.61893	2	1	0	0	7.07937
1.61893	2	1	0	1	10.0334
1.61993	2	1	0	0	8.42308
1.62093	2	1	0	0	8.42308
1.62193	2	1	0	0	8.42308
1.62293	2	1	0	0	5.41278
1.62293	2	1	0	1	7.11086
1.62393	2	1	0	0	8.42308
1.62493	2	1	0	0	5.41278
1.62493	2	1	0	1	7.11086
1.62593	2	1	0	0	8.42308
1.62693	2	1	0	0	8.42308
1.62793	2	1	0	0	8.42308
1.62893	2	1	0	0	8.42308
1.62993	2	1	0	0	8.42308
1.63093	2	1	0	0	8.42308
1.63193	2	1	0	0	8.42308
1.63293	2	1	0	0	8.42308
1.63393	2	1	0	0	8.42308
1.63493	2	1	0	0	8.42308
1.63593	2	1	0	0	5.41278
1.63593	2	1	0	1	7.11086
1.63693	2	1	0	0	5.41278
1.63693	2	1	0	1	7.11086
1.63793	2	1	0	0	8.42308
1.63893	2	1	0	0	5.41278
1.63893	2	1	0	1	7.11086
1.63993	2	1	0	0	8.42308
1.64093	2	1	0	0	8.42308
1.64193	2	1	0	0	8.42308
1.64293	2	1	0	0	5.41278
1.64293	2	1	0	1	7.11086
1.64393	2	1	0	0	8.42308
1.64493	2	1	0	0	5.41278
1.64493	2	1	0	1	7.11086
1.64593	2	1	0	0	8.42308
1.64693	2	1	0	0	8.42308
1.64793	2	1	0	0	8.42308
1.64893	2	1	0	0	8.42308
1.64993	2	1	0	0	8.42308
1.65093	2	1	0	0	8.42308
1.65193	2	1	0	0	8.42308
1.65293	2	1	0	0	8.42308
1.65393	2	1	0	0	8.42308
1.65493	2	1	0	0	8.42308
1.65593	2	1	0	0	5.41278
1.65593	2	1	0	1	7.11086
1.65693	2	1	0	0	5.41278
1.65693	2	1	0	1	7.11086
1.65793	2	1	0	0	8.42308
1.65893	2	1	0	0	5.41278
1.65893	2	1	0	1	7.11086
1.65993	2	1	0	0	8.42308
1.66093	2	1	0	0	8.42308
1.66193	2	1	0	0	8.42308
1.66293	2	1	0	0	5.41278
1.66293	2	1	0	1	7.11086
1.66393	2	1	0	0	8.42308
1.66493	2	1	0	0	5.41278
1.66493	2	1	0	1	7.11086
1.66593	2	1	0	0	8.42308
1.66693	2	1	0	0	8.42308
1.66793	2	1	0	0	8.42308
1.66893	2	1	0	0	8.42308
1.66993	2	1	0	0	8.42308
1.67093	2	1	0	0	8.42308
1.67193	2	1	0	0	8.42308
1.67293	2	1	0	0	8.42308
1.67393	2	1	0	0	8.42308
1.67493	2	1	0	0	8.42308
1.67593	2	1	0	0	5.41278
1.67593	2	1	0	1	7.11086
1.67693	2	1	0	0	5.41278
1.67693	2	1	0	1	7.11086
1.67793	2	1	0	0	8.42308
1.67886	2	1	0	0	5.41278
1.67886	2	1	0	1	7.11086
1.67993	2	1	0	0	8.42308
1.68093	2	1	0	0	8.42308
1.68193	2	1	0	0	8.42308
1.68293	2	1	0	0	5.41278
1.68293	2	1	0	1	7.11086
1.68393	2	1	0	0	8.53698
1.68493	2	1	0	0	5.41278
1.68493	2	1	0	1	7.11086
1.68593	2	1	0	0	8.42308
1.68693	2	1	0	0	8.42308
1.68793	2	1	0	0	8.42308
1.68893	2	1	0	0	8.53698
1.68993	2	1	0	0	8.42308
1.69093	2	1	0	0	8.42308
1.69193	2	1	0	0	8.42308
1.69293	2	1	0	0	8.42308
1.69393	2	1	0	0	8.53698
1.69493	2	1	0	0	8.42308
1.69593	2	1	0	0	5.41278
1.69593	2	1	0	1	7.11086
1.69693	2	1	0	0	5.41278
1.69693	2	1	0	1	7.11086
1.69793	2	1	0	0	8.42308
1.69893	2	1	0	0	5.41278
1.69893	2	1	0	1	7.11086
1.69993	2	1	0	0	8.42308
1.70093	2	1	0	0	8.42308
1.70193	2	1	0	0	8.42308
1.70293	2	1	0	0	5.41278
1.70293	2	1	0	1	7.11086
1.70393	2	1	0	0	8.42308
1.70493	2	1	0	0	5.41278
1.70493	2	1	0	1	7.11086
1.70593	2	1	0	0	8.42308
1.70693	2	1	0	0	8.42308
1.70793	2	1	0	0	8.42308
1.70893	2	1	0	0	8.42308
1.70993	2	1	0	0	8.42308
1.71093	2	1	0	0	8.42308
1.71193	2	1	0	0	8.42308
1.71293	2	1	0	0	8.42308
1.71393	2	1	0	0	8.42308
1.71493	2	1	0	0	8.42308
1.71593	2	1	0	0	5.41278
1.71593	2	1	0	1	7.11086
1.71693	2	1	0	0	5.41278
1.71693	2	1	0	1	7.11086
1.71793	2	1	0	0	8.42308
1.71893	2	1	0	0	5.41278
1.71893	2	1	0	1	7.11086
1.71993	2	1	0	0	8.42308
1.72093	2	1	0	0	9.62427
1.72193	2	1	0	0	9.62427
1.72293	2	1	0	0	6.61397
1.72293	2	1	0	1	-21.3378
1.72393	2	1	0	0	9.62427
1.72493	2	1	0	0	6.61397
1.72493	2	1	0	1	-21.3378
1.72593	2	1	0	0	9.62427
1.72693	2	1	0	0	9.62427
1.72793	2	1	0	0	9.62427
1.72893	2	1	0	0	9.62427
1.72993	2	1	0	0	9.62427
1.73093	2	1	0	0	9.62427
1.73193	2	1	0	0	9.62427
1.73293	2	1	0	0	9.62427
1.73393	2	1	0	0	9.62427
1.73493	2	1	0	0	9.62427
1.73593	2	1	0	0	6.61397
1.73593	2	1	0	1	-21.3378
1.73693	2	1	0	0	6.61397
1.73693	2	1	0	1	-21.3378
1.73793	2	1	0	0	9.62427
1.73893	2	1	0	0	6.61397
1.73893	2	1	0	1	-21.3378
1.73993	2	1	0	0	9.62427
1.74093	2	1	0	0	9.62427
1.74193	2	1	0	0	9.62427
1.74293	2	1	0	0	6.61397
1.74293	2	1	0	1	-21.3378
1.74393	2	1	0	0	9.62427
1.74493	2	1	0	0	6.61397
1.74493	2	1	0	1	-21.3378
1.74593	2	1	0	0	9.62427
1.74693	2	1	0	0	9.62427
1.74793	2	1	0	0	9.62427
1.74893	2	1	0	0	9.62427
1.74993	2	1	0	0	9.62427
1.75093	2	1	0	0	9.62427
1.75193	2	1	0	0	9.62427
1.75293	2	1	0	0	9.62427
1.75393	2	1	0	0	9.62427
1.75493	2	1	0	0	9.62427
1.75593	2	1	0	0	6.61397
1.75593	2	1	0	1	-21.3378
1.75693	2	1	0	0	6.61397
1.75693	2	1	0	1	-21.3378
1.75793	2	1	0	0	9.62427
1.75886	2	1	0	0	6.61397
1.75886	2	1	0	1	-21.3378
1.75993	2	1	0	0	9.62427
1.76093	2	1	0	0	9.62427
1.76193	2	1	0	0	9.62427
1.76293	2	1	0	0	6.61397
1.76293	2	1	0	1	-21.3378
1.76393	2	1	0	0	9.61893
1.76493	2	1	0	0	6.61397
1.76493	2	1	0	1	-21.3378
1.76593	2	1	0	0	9.62427
1.76693	2	1	0	0	9.62427
1.76793	2	1	0	0	9.62427
1.76893	2	1	0	0	9.61893
1.76993	2	1	0	0	9.62427
1.77093	2	1	0	0	9.62427
1.77193	2	1	0	0	9.62427
1.77293	2	1	0	0	9.62427
1.77393	2	1	0	0	9.61893
1.77493	2	1	0	0	9.62427
1.77593	2	1	0	0	6.61397
1.77593	2	1	0	1	-21.3378
1.77693	2	1	0	0	6.61397
1.77693	2	1	0	1	-21.3378
1.77793	2	1	0	0	9.62427
1.77893	2	1	0	0	6.61397
1.77893	2	1	0	1	-21.3378
1.77993	2	1	0	0	9.62427
1.78093	2	1	0	0	9.62427
1.78193	2	1	0	0	9.62427
1.78293	2	1	0	0	6.61397
1.78293	2	1	0	1	-21.3378
1.78393	2	1	0	0	9.62427
1.78493	2	1	0	0	6.61397
1.78493	2	1	0	1	-21.3378
1.78593	2	1	0	0	9.62427
1.78693	2	1	0	0	9.62427
1.78793	2	1	0	0	9.62427
1.78893	2	1	0	0	9.62427
1.78993	2	1	0	0	9.62427
1.79093	2	1	0	0	9.62427
1.79193	2	1	0	0	9.62427
1.79293	2	1	0	0	9.62427
1.79393	2	1	0	0	9.62427
1.79493	2	1	0	0	9.62427
1.79593	2	1	0	0	6.61397
1.79593	2	1	0	1	-21.3378
1.79693	2	1	0	0	6.61397
1.79693	2	1	0	1	-21.3378
1.79793	2	1	0	0	9.62427
1.79893	2	1	0	0	6.61397
1.79893	2	1	0	1	-21.3378
1.79993	2	1	0	0	9.62427
1.80093	2	1	0	0	9.62427
1.80193	2	1	0	0	9.62427
1.80293	2	1	0	0	6.61397
1.80293	2	1	0	1	-21.3378
1.80393	2	1	0	0	9.62427
1.80493	2	1	0	0	6.61397
1.80493	2	1	0	1	-21.3378
1.80593	2	1	0	0	9.62427
1.80693	2	1	0	0	9.62427
1.80793	2	1	0	0	9.62427
1.80893	2	1	0	0	9.62427
1.80993	2	1	0	0	9.62427
1.81093	2	1	0	0	9.62427
1.81193	2	1	0	0	9.62427
1.81293	2	1	0	0	9.62427
1.81393	2	1	0	0	9.62427
1.81493	2	1	0	0	9.62427
1.81593	2	1	0	0	6.61397
1.81593	2	1	0	1	-21.3378
1.81693	2	1	0	0	6.61397
1.81693	2	1	0	1	-21.3378
1.81793	2	1	0	0	9.62427
1.81893	2	1	0	0	6.61397
1.81893	2	1	0	1	-21.3378
1.81993	2	1	0	0	9.62427
1.82093	2	1	0	0	31.7697
1.82193	2	1	0	0	31.7697
1.82293	2	1	0	0	28.7594
1.82293	2	1	0	1	28.0531
1.82393	2	1	0	0	31.7697
1.82493	2	1	0	0	28.7594
1.82493	2	1	0	1	28.0531
1.82593	2	1	0	0	28.7594
1.82593	2	1	0	1	28.0531
1.82693	2	1	0	0	28.7594
1.82693	2	1	0	1	28.0531
1.82793	2	1	0	0	28.7594
1.82793	2	1	0	1	28.0531
1.82893	2	1	0	0	28.7594
1.82893	2	1	0	1	28.0531
1.82993	2	1	0	0	28.7594
1.82993	2	1	0	1	28.0531
1.83093	2	1	0	0	28.7594
1.83093	2	1	0	1	28.0531
1.83193	2	1	0	0	31.7697
1.83293	2	1	0	0	31.7697
1.83393	2	1	0	0	28.7594
1.83393	2	1	0	1	28.0531
1.83493	2	1	0	0	31.7697
1.83593	2	1	0	0	28.7594
1.83593	2	1	0	1	28.0531
1.83693	2	1	0	0	28.7594
1.83693	2	1	0	1	28.0531
1.83793	2	1	0	0	28.7594
1.83793	2	1	0	1	28.0531
1.83886	2	1	0	0	28.7594
1.83886	2	1	0	1	28.0531
1.83993	2	1	0	0	28.7594
1.83993	2	1	0	1	28.0531
1.84093	2	1	0	0	28.7594
1.84093	2	1	0	1	28.0531
1.84193	2	1	0	0	28.7594
1.84193	2	1	0	1	28.0531
1.84293	2	1	0	0	31.7697
1.84393	2	1	0	0	31.893
1.84493	2	1	0	0	28.7594
1.84493	2	1	0	1	28.0531
1.84593	2	1	0	0	31.7697
1.84693	2	1	0	0	28.7594
1.84693	2	1	0	1	28.0531
1.84793	2	1	0	0	28.7594
1.84793	2	1	0	1	28.0531
1.84893	2	1	0	0	28.7594
1.84893	2	1	0	1	28.0531
1.84993	2	1	0	0	28.7594
1.84993	2	1	0	1	28.0531
1.85093	2	1	0	0	28.7594
1.85093	2	1	0	1	28.0531
1.85193	2	1	0	0	28.7594
1.85193	2	1	0	1	28.0531
1.85293	2	1	0	0	28.7594
1.85293	2	1	0	1	28.0531
1.85393	2	1	0	0	31.7697
1.85493	2	1	0	0	31.7697
1.85593	2	1	0	0	28.7594
1.85593	2	1	0	1	28.0531
1.85693	2	1	0	0	31.7697
1.85793	2	1	0	0	28.7594
1.85793	2	1	0	1	28.0531
1.85893	2	1	0	0	28.7594
1.85893	2	1	0	1	28.0531
1.85993	2	1	0	0	28.7594
1.85993	2	1	0	1	28.0531
1.86093	2	1	0	0	28.7594
1.86093	2	1	0	1	28.0531
1.86193	2	1	0	0	28.7594
1.86193	2	1	0	1	28.0531
1.86293	2	1	0	0	28.7594
1.86293	2	1	0	1	28.0531
1.86393	2	1	0	0	28.7594
1.86393	2	1	0	1	28.0531
1.86493	2	1	0	0	31.7697
1.86593	2	1	0	0	31.7697
1.86693	2	1	0	0	28.7594
1.86693	2	1	0	1	28.0531
1.86793	2	1	0	0	31.7697
1.86893	2	1	0	0	28.7594
1.86893	2	1	0	1	28.0531
1.86993	2	1	0	0	28.7594
1.86993	2	1	0	1	28.0531
1.87093	2	1	0	0	28.7594
1.87093	2	1	0	1	28.0531
1.87193	2	1	0	0	28.7594
1.87193	2	1	0	1	28.0531
1.87293	2	1	0	0	28.7594
1.87293	2	1	0	1	28.0531
1.87393	2	1	0	0	28.7594
1.87393	2	1	0	1	28.0531
1.87493	2	1	0	0	28.7594
1.87493	2	1	0	1	28.0531
1.87593	2	1	0	0	31.7697
1.87693	2	1	0	0	31.7697
1.87793	2	1	0	0	28.7594
1.87793	2	1	0	1	28.0531
1.87893	2	1	0	0	31.7697
1.87993	2	1	0	0	28.7594
1.87993	2	1	0	1	28.0531
1.88093	2	1	0	0	28.7594
1.88093	2	1	0	1	28.0531
1.88193	2	1	0	0	28.7594
1.88193	2	1	0	1	28.0531
1.88293	2	1	0	0	28.7594
1.88293	2	1	0	1	28.0531
1.88393	2	1	0	0	28.7594
1.88393	2	1	0	1	28.0531
1.88493	2	1	0	0	28.7594
1.88493	2	1	0	1	28.0531
1.88593	2	1	0	0	28.7594
1.88593	2	1	0	1	28.0531
1.88693	2	1	0	0	31.7697
1.88793	2	1	0	0	31.7697
1.88893	2	1	0	0	28.7594
1.88893	2	1	0	1	28.0531
1.88993	2	1	0	0	31.7697
1.89093	2	1	0	0	28.7594
1.89093	2	1	0	1	28.0531
1.89193	2	1	0	0	28.7594
1.89193	2	1	0	1	28.0531
1.89293	2	1	0	0	28.7594
1.89293	2	1	0	1	28.0531
1.89393	2	1	0	0	28.7594
1.89393	2	1	0	1	28.0531
1.89493	2	1	0	0	28.7594
1.89493	2	1	0	1	28.0531
1.89593	2	1	0	0	28.7594
1.89593	2	1	0	1	28.0531
1.89693	2	1	0	0	28.7594
1.89693	2	1	0	1	28.0531
1.89793	2	1	0	0	31.7697
1.89893	2	1	0	0	31.7697
1.89993	2	1	0	0	28.7594
1.89993	2	1	0	1	28.0531
1.90093	2	1	0	0	31.7697
1.90193	2	1	0	0	28.7594
1.90193	2	1	0	1	28.0531
1.90293	2	1	0	0	28.7594
1.90293	2	1	0	1	28.0531
1.90393	2	1	0	0	28.7594
1.90393	2	1	0	1	28.0531
1.90493	2	1	0	0	28.7594
1.90493	2	1	0	1	28.0531
1.90593	2	1	0	0	28.7594
1.90593	2	1	0	1	28.0531
1.90693	2	1	0	0	28.7594
1.90693	2	1	0	1	28.0531
1.90793	2	1	0	0	28.7594
1.90793	2	1	0	1	28.0531
1.90893	2	1	0	0	31.7697
1.90993	2	1	0	0	31.7697
1.91071	2	1	0	0	28.7594
1.91071	2	1	0	1	28.0531
1.91193	2	1	0	0	31.7697
1.91236	2	1	0	0	28.7594
1.91236	2	1	0	1	28.0531
1.91321	2	1	0	0	28.7594
1.91321	2	1	0	1	28.0531
1.91421	2	1	0	0	28.7594
1.91421	2	1	0	1	28.0531
1.91521	2	1	0	0	28.7594
1.91521	2	1	0	1	28.0531
1.91621	2	1	0	0	28.7594
1.91621	2	1	0	1	28.0531
1.91721	2	1	0	0	28.7594
1.91721	2	1	0	1	28.0531
1.91821	2	1	0	0	28.7594
1.91821	2	1	0	1	28.0531
1.91993	2	1	0	0	30.2928
1.92093	2	1	0	0	14.3984
1.9215	2	1	0	0	11.052
1.9215	2	1	0	1	8.85446
1.92293	2	1	0	0	14.3984
1.92336	2	1	0	0	11.052
1.92336	2	1	0	1	8.85446
1.92421	2	1	0	0	11.052
1.92421	2	1	0	1	8.85446
1.92593	2	1	0	0	14.3984
1.92693	2	1	0	0	14.1299
1.92793	2	1	0	0	14.3984
1.92893	2	1	0	0	14.2548
1.92993	2	1	0	0	14.3984
1.93093	2	1	0	0	14.3984
1.93193	2	1	0	0	14.1299
1.93293	2	1	0	0	14.3984
1.93393	2	1	0	0	14.2548
1.93493	2	1	0	0	14.3984
1.93593	2	1	0	0	11.052
1.93593	2	1	0	1	8.85446
1.93693	2	1	0	0	14.1299
1.93793	2	1	0	0	11.052
1.93793	2	1	0	1	8.85446
1.93893	2	1	0	0	14.2548
1.93993	2	1	0	0	14.3984
1.94093	2	1	0	0	14.0623
1.94193	2	1	0	0	11.052
1.94193	2	1	0	1	8.85446
1.94293	2	1	0	0	14.0623
1.94393	2	1	0	0	11.052
1.94393	2	1	0	1	8.85446
1.94493	2	1	0	0	11.052
1.94493	2	1	0	1	8.85446
1.94593	2	1	0	0	14.0623
1.94693	2	1	0	0	14.0623
1.94793	2	1	0	0	14.0623
1.94893	2	1	0	0	14.0623
1.94993	2	1	0	0	14.0623
1.95093	2	1	0	0	14.0623
1.95193	2	1	0	0	14.0623
1.95293	2	1	0	0	14.0623
1.95393	2	1	0	0	14.0623
1.95493	2	1	0	0	14.0623
1.95593	2	1	0	0	11.052
1.95593	2	1	0	1	8.85446
1.95693	2	1	0	0	14.0623
1.95793	2	1	0	0	11.052
1.95793	2	1	0	1	8.85446
1.95893	2	1	0	0	14.0623
1.95993	2	1	0	0	14.0623
1.96093	2	1	0	0	14.0623
1.96193	2	1	0	0	11.052
1.96193	2	1	0	1	8.85446
1.96293	2	1	0	0	14.0623
1.96393	2	1	0	0	11.052
1.96393	2	1	0	1	8.85446
1.96493	2	1	0	0	11.052
1.96493	2	1	0	1	8.85446
1.96593	2	1	0	0	14.0623
1.96693	2	1	0	0	14.0623
1.96793	2	1	0	0	14.0623
1.96893	2	1	0	0	14.0623
1.96993	2	1	0	0	14.0623
1.97093	2	1	0	0	14.0623
1.97193	2	1	0	0	14.0623
1.97293	2	1	0	0	14.0623
1.97393	2	1	0	0	14.0623
1.97493	2	1	0	0	14.0623
1.97593	2	1	0	0	11.052
1.97593	2	1	0	1	8.85446
1.97693	2	1	0	0	14.0623
1.97793	2	1	0	0	11.052
1.97793	2	1	0	1	8.85446
1.97893	2	1	0	0	14.0623
1.97993	2	1	0	0	14.0623
1.98093	2	1	0	0	14.0623
1.98193	2	1	0	0	11.052
1.98193	2	1	0	1	8.85446
1.98293	2	1	0	0	14.0623
1.98393	2	1	0	0	11.052
1.98393	2	1	0	1	8.85446
1.98493	2	1	0	0	11.052
1.98493	2	1	0	1	8.85446
1.98593	2	1	0	0	14.0623
1.98693	2	1	0	0	14.0623
1.98793	2	1	0	0	14.0623
1.98893	2	1	0	0	14.0623
1.98993	2	1	0	0	14.0623
1.99093	2	1	0	0	14.0623
1.99193	2	1	0	0	14.0623
1.99293	2	1	0	0	14.0623
1.99393	2	1	0	0	14.0623
1.99493	2	1	0	0	14.0623
1.99593	2	1	0	0	11.052
1.99593	2	1	0	1	8.85446
1.99693	2	1	0	0	14.0623
1.99793	2	1	0	0	11.052
1.99793	2	1	0	1	8.85446
1.99886	2	1	0	0	11.052
1.99886	2	1	0	1	8.85446
1.99993	2	1	0	0	14.0623
2.00093	2	1	0	0	14.0623
2.00193	2	1	0	0	14.0623
2.00293	2	1	0	0	14.0623
2.00393	2	1	0	0	14.0176
2.00493	2	1	0	0	11.052
2.00493	2	1	0	1	8.85446
2.00593	2	1	0	0	11.052
2.00593	2	1	0	1	8.85446
2.00693	2	1	0	0	14.0623
2.00793	2	1	0	0	14.0623
2.00893	2	1	0	0	14.0176
2.00993	2	1	0	0	14.0623
2.01093	2	1	0	0	14.0623
2.01193	2	1	0	0	14.0623
2.01293	2	1	0	0	14.0623
2.01393	2	1	0	0	14.0176
2.01493	2	1	0	0	14.0623
2.01593	2	1	0	0	14.0623
2.01693	2	1	0	0	11.052
2.01693	2	1	0	1	8.85446
2.01793	2	1	0	0	11.052
2.01793	2	1	0	1	8.85446
2.01893	2	1	0	0	11.052
2.01893	2	1	0	1	8.85446
2.01993	2	1	0	0	14.0623
2.02093	2	1	0	0	14.0623
2.02193	2	1	0	0	7.76364
2.02293	2	1	0	0	7.76364
2.02393	2	1	0	0	7.76364
2.02493	2	1	0	0	4.75334
2.02493	2	1	0	1	-23.2215
2.02593	2	1	0	0	4.75334
2.02593	2	1	0	1	-23.2215
2.02693	2	1	0	0	7.76364
2.02793	2	1	0	0	7.76364
2.02893	2	1	0	0	7.76364
2.02993	2	1	0	0	7.76364
2.03093	2	1	0	0	7.76364
2.03193	2	1	0	0	7.76364
2.03293	2	1	0	0	7.76364
2.03393	2	1	0	0	7.76364
2.03493	2	1	0	0	7.76364
2.03593	2	1	0	0	7.76364
2.03693	2	1	0	0	4.75334
2.03693	2	1	0	1	-23.2215
2.03793	2	1	0	0	4.75334
2.03793	2	1	0	1	-23.2215
2.03893	2	1	0	0	4.75334
2.03893	2	1	0	1	-23.2215
2.03993	2	1	0	0	7.76364
2.04093	2	1	0	0	7.76364
2.04193	2	1	0	0	7.76364
2.04293	2	1	0	0	7.76364
2.04393	2	1	0	0	7.76364
2.04493	2	1	0	0	4.75334
2.04493	2	1	0	1	-23.2215
2.04593	2	1	0	0	4.75334
2.04593	2	1	0	1	-23.2215
2.04693	2	1	0	0	7.76364
2.04793	2	1	0	0	7.76364
2.04893	2	1	0	0	7.76364
2.04993	2	1	0	0	7.76364
2.05093	2	1	0	0	7.76364
2.05193	2	1	0	0	7.76364
2.05293	2	1	0	0	7.76364
2.05393	2	1	0	0	7.76364
2.05493	2	1	0	0	7.76364
2.05593	2	1	0	0	7.76364
2.05693	2	1	0	0	4.75334
2.05693	2	1	0	1	-23.2215
2.05793	2	1	0	0	4.75334
2.05793	2	1	0	1	-23.2215
2.05893	2	1	0	0	4.75334
2.05893	2	1	0	1	-23.2215
2.05993	2	1	0	0	7.76364
2.06093	2	1	0	0	7.76364
2.06193	2	1	0	0	7.76364
2.06293	2	1	0	0	7.76364
2.06393	2	1	0	0	7.76364
2.06493	2	1	0	0	4.75334
2.06493	2	1	0	1	-23.2215
2.06593	2	1	0	0	4.75334
2.06593	2	1	0	1	-23.2215
2.06693	2	1	0	0	7.76364
2.06793	2	1	0	0	7.76364
2.06893	2	1	0	0	7.76364
2.06993	2	1	0	0	7.76364
2.07093	2	1	0	0	7.76364
2.07193	2	1	0	0	7.76364
2.07293	2	1	0	0	7.76364
2.07393	2	1	0	0	7.76364
2.07493	2	1	0	0	7.76364
2.07593	2	1	0	0	7.76364
2.07693	2	1	0	0	4.75334
2.07693	2	1	0	1	-23.2215
2.07793	2	1	0	0	4.75334
2.07793	2	1	0	1	-23.2215
2.07886	2	1	0	0	4.75334
2.07886	2	1	0	1	-23.2215
2.07993	2	1	0	0	7.76364
2.08093	2	1	0	0	7.76364
2.08193	2	1	0	0	7.76364
2.08293	2	1	0	0	7.76364
2.08393	2	1	0	0	7.69364
2.08493	2	1	0	0	4.75334
2.08493	2	1	0	1	-23.2215
2.08593	2	1	0	0	4.75334
2.08593	2	1	0	1	-23.2215
2.08693	2	1	0	0	7.76364
2.08793	2	1	0	0	7.76364
2.08893	2	1	0	0	7.69364
2.08993	2	1	0	0	7.76364
2.09093	2	1	0	0	7.76364
2.09193	2	1	0	0	7.76364
2.09293	2	1	0	0	7.76364
2.09393	2	1	0	0	7.69364
2.09493	2	1	0	0	7.76364
2.09593	2	1	0	0	7.76364
2.09693	2	1	0	0	4.75334
2.09693	2	1	0	1	-23.2215
2.09793	2	1	0	0	4.75334
2.09793	2	1	0	1	-23.2215
2.09893	2	1	0	0	4.75334
2.09893	2	1	0	1	-23.2215
2.09993	2	1	0	0	7.76364
2.10093	2	1	0	0	7.76364
2.10193	2	1	0	0	7.76364
2.10293	2	1	0	0	7.76364
2.10393	2	1	0	0	7.76364
2.10493	2	1	0	0	4.75334
2.10493	2	1	0	1	-23.2215
2.10593	2	1	0	0	4.75334
2.10593	2	1	0	1	-23.2215
2.10693	2	1	0	0	7.76364
2.10793	2	1	0	0	7.76364
2.10893	2	1	0	0	7.76364
2.10993	2	1	0	0	7.76364
2.11093	2	1	0	0	7.76364
2.11193	2	1	0	0	7.76364
2.11293	2	1	0	0	7.76364
2.11393	2	1	0	0	7.76364
2.11493	2	1	0	0	7.76364
2.11593	2	1	0	0	7.76364
2.11693	2	1	0	0	4.75334
2.11693	2	1	0	1	-23.2215
2.11793	2	1	0	0	4.75334
2.11793	2	1	0	1	-23.2215
2.11893	2	1	0	0	4.75334
2.11893	2	1	0	1	-23.2215
2.11993	2	1	0	0	7.76364
2.12093	2	1	0	0	7.76364
2.12193	2	1	0	0	11.4775
2.12293	2	1	0	0	11.4775
2.12393	2	1	0	0	11.4775
2.12493	2	1	0	0	8.46721
2.12493	2	1	0	1	8.40319
2.12593	2	1	0	0	8.46721
2.12593	2	1	0	1	8.40319
2.12693	2	1	0	0	11.4775
2.12793	2	1	0	0	11.4775
2.12893	2	1	0	0	11.4775
2.12993	2	1	0	0	11.4775
2.13093	2	1	0	0	11.4775
2.13193	2	1	0	0	11.4775
2.13293	2	1	0	0	11.4775
2.13393	2	1	0	0	11.4775
2.13493	2	1	0	0	11.4775
2.13593	2	1	0	0	11.4775
2.13693	2	1	0	0	8.46721
2.13693	2	1	0	1	8.40319
2.13793	2	1	0	0	8.46721
2.13793	2	1	0	1	8.40319
2.13893	2	1	0	0	8.46721
2.13893	2	1	0	1	8.40319
2.13993	2	1	0	0	11.4775
2.14093	2	1	0	0	11.4775
2.14193	2	1	0	0	11.4775
2.14293	2	1	0	0	11.4775
2.14393	2	1	0	0	11.4775
2.14493	2	1	0	0	8.46721
2.14493	2	1	0	1	8.40319
2.14593	2	1	0	0	8.46721
2.14593	2	1	0	1	8.40319
2.14693	2	1	0	0	11.4775
2.14793	2	1	0	0	11.4775
2.14893	2	1	0	0	11.4775
2.14993	2	1	0	0	11.4775
2.15093	2	1	0	0	11.4775
2.15193	2	1	0	0	11.4775
2.15293	2	1	0	0	11.4775
2.15393	2	1	0	0	11.4775
2.15493	2	1	0	0	11.4775
2.15593	2	1	0	0	11.4775
2.15693	2	1	0	0	8.46721
2.15693	2	1	0	1	8.40319
2.15793	2	1	0	0	8.46721
2.15793	2	1	0	1	8.40319
2.15886	2	1	0	0	8.46721
2.15886	2	1	0	1	8.40319
2.15993	2	1	0	0	11.4775
2.16093	2	1	0	0	11.4775
2.16193	2	1	0	0	11.4775
2.16293	2	1	0	0	11.4775
2.16393	2	1	0	0	11.55
2.16493	2	1	0	0	8.46721
2.16493	2	1	0	1	8.40319
2.16593	2	1	0	0	8.46721
2.16593	2	1	0	1	8.40319
2.16693	2	1	0	0	11.4775
2.16793	2	1	0	0	11.4775
2.16893	2	1	0	0	11.55
2.16993	2	1	0	0	11.4775
2.17093	2	1	0	0	11.4775
2.17193	2	1	0	0	11.4775
2.17293	2	1	0	0	11.4775
2.17393	2	1	0	0	11.55
2.17493	2	1	0	0	11.4775
2.17593	2	1	0	0	11.4775
2.17693	2	1	0	0	8.46721
2.17693	2	1	0	1	8.40319
2.17793	2	1	0	0	8.46721
2.17793	2	1	0	1	8.40319
2.17893	2	1	0	0	8.46721
2.17893	2	1	0	1	8.40319
2.17993	2	1	0	0	11.4775
2.18093	2	1	0	0	11.4775
2.18193	2	1	0	0	11.4775
2.18293	2	1	0	0	11.4775
2.18393	2	1	0	0	11.4775
2.18493	2	1	0	0	8.46721
2.18493	2	1	0	1	8.40319
2.18593	2	1	0	0	8.46721
2.18593	2	1	0	1	8.40319
2.18693	2	1	0	0	11.4775
2.18793	2	1	0	0	11.4775
2.18893	2	1	0	0	11.4775
2.18993	2	1	0	0	11.4775
2.19093	2	1	0	0	11.4775
2.19193	2	1	0	0	11.4775
2.19293	2	1	0	0	11.4775
2.19393	2	1	0	0	11.4775
2.19493	2	1	0	0	11.4775
2.19593	2	1	0	0	11.4775
2.19693	2	1	0	0	8.46721
2.19693	2	1	0	1	8.40319
2.19793	2	1	0	0	8.46721
2.19793	2	1	0	1	8.40319
2.19893	2	1	0	0	8.46721
2.19893	2	1	0	1	8.40319
2.19993	2	1	0	0	11.4775
2.20093	2	1	0	0	11.4775
2.20193	2	1	0	0	11.4775
2.20293	2	1	0	0	11.4775
2.20393	2	1	0	0	11.4775
2.20493	2	1	0	0	8.46721
2.20493	2	1	0	1	8.40319
2.20593	2	1	0	0	8.46721
2.20593	2	1	0	1	8.40319
2.20693	2	1	0	0	11.4775
2.20793	2	1	0	0	11.4775
2.20893	2	1	0	0	11.4775
2.20993	2	1	0	0	11.4775
2.21093	2	1	0	0	11.4775
2.21193	2	1	0	0	11.4775
2.21293	2	1	0	0	11.4775
2.21393	2	1	0	0	11.4775
2.21493	2	1	0	0	11.4775
2.21593	2	1	0	0	11.4775
2.21693	2	1	0	0	8.46721
2.21693	2	1	0	1	8.40319
2.21793	2	1	0	0	8.46721
2.21793	2	1	0	1	8.40319
2.21893	2	1	0	0	8.46721
2.21893	2	1	0	1	8.40319
2.21993	2	1	0	0	11.4775
2.22093	2	1	0	0	11.4775
2.22193	2	1	0	0	9.75205
2.22293	2	1	0	0	9.75205
2.22393	2	1	0	0	9.75205
2.22493	2	1	0	0	6.74175
2.22493	2	1	0	1	9.63598
2.22593	2	1	0	0	6.74175
2.22593	2	1	0	1	9.63598
2.22693	2	1	0	0	9.75205
2.22793	2	1	0	0	9.75205
2.22893	2	1	0	0	9.75205
2.22993	2	1	0	0	9.75205
2.23093	2	1	0	0	9.75205
2.23193	2	1	0	0	9.75205
2.23293	2	1	0	0	9.75205
2.23393	2	1	0	0	9.75205
2.23493	2	1	0	0	9.75205
2.23593	2	1	0	0	9.75205
2.23693	2	1	0	0	6.74175
2.23693	2	1	0	1	9.63598
2.23793	2	1	0	0	6.74175
2.23793	2	1	0	1	9.63598
2.23886	2	1	0	0	6.74175
2.23886	2	1	0	1	9.63598
2.23993	2	1	0	0	9.75205
2.24093	2	1	0	0	9.75205
2.24193	2	1	0	0	9.75205
2.24293	2	1	0	0	9.75205
2.24393	2	1	0	0	9.6608
2.24493	2	1	0	0	6.74175
2.24493	2	1	0	1	9.63598
2.24593	2	1	0	0	6.74175
2.24593	2	1	0	1	9.63598
2.24693	2	1	0	0	9.75205
2.24793	2	1	0	0	9.75205
2.24893	2	1	0	0	9.6608
2.24993	2	1	0	0	9.75205
2.25093	2	1	0	0	9.75205
2.25193	2	1	0	0	9.75205
2.25293	2	1	0	0	9.75205
2.25393	2	1	0	0	9.6608
2.25493	2	1	0	0	9.75205
2.25593	2	1	0	0	9.75205
2.25693	2	1	0	0	6.74175
2.25693	2	1	0	1	9.63598
2.25793	2	1	0	0	6.74175
2.25793	2	1	0	1	9.63598
2.25893	2	1	0	0	6.74175
2.25893	2	1	0	1	9.63598
2.25993	2	1	0	0	9.75205
2.26093	2	1	0	0	9.75205
2.26193	2	1	0	0	9.75205
2.26293	2	1	0	0	9.75205
2.26393	2	1	0	0	9.75205
2.26493	2	1	0	0	6.74175
2.26493	2	1	0	1	9.63598
2.26593	2	1	0	0	6.74175
2.26593	2	1	0	1	9.63598
2.26693	2	1	0	0	9.75205
2.26793	2	1	0	0	9.75205
2.26893	2	1	0	0	9.75205
2.26993	2	1	0	0	9.75205
2.27093	2	1	0	0	9.75205
2.27193	2	1	0	0	9.75205
2.27293	2	1	0	0	9.75205
2.27393	2	1	0	0	9.75205
2.27493	2	1	0	0	9.75205
2.27593	2	1	0	0	9.75205
2.27693	2	1	0	0	6.74175
2.27693	2	1	0	1	9.63598
2.27793	2	1	0	0	6.74175
2.27793	2	1	0	1	9.63598
2.27893	2	1	0	0	6.74175
2.27893	2	1	0	1	9.63598
2.27993	2	1	0	0	9.75205
2.28093	2	1	0	0	9.75205
2.28193	2	1	0	0	9.75205
2.28293	2	1	0	0	9.75205
2.28393	2	1	0	0	9.75205
2.28493	2	1	0	0	6.74175
2.28493	2	1	0	1	9.63598
2.28593	2	1	0	0	6.74175
2.28593	2	1	0	1	9.63598
2.28693	2	1	0	0	9.75205
2.28793	2	1	0	0	9.75205
2.28893	2	1	0	0	9.75205
2.28993	2	1	0	0	9.75205
2.29093	2	1	0	0	9.75205
2.29193	2	1	0	0	9.75205
2.29293	2	1	0	0	9.75205
2.29393	2	1	0	0	9.75205
2.29493	2	1	0	0	9.75205
2.29593	2	1	0	0	9.75205
2.29693	2	1	0	0	6.74175
2.29693	2	1	0	1	9.63598
2.29793	2	1	0	0	6.74175
2.29793	2	1	0	1	9.63598
2.29893	2	1	0	0	6.74175
2.29893	2	1	0	1	9.63598
2.29993	2	1	0	0	9.75205
2.30093	2	1	0	0	9.75205
2.30193	2	1	0	0	9.75205
2.30293	2	1	0	0	9.75205
2.30393	2	1	0	0	9.75205
2.30493	2	1	0	0	6.74175
2.30493	2	1	0	1	9.63598
2.30593	2	1	0	0	6.74175
2.30593	2	1	0	1	9.63598
2.30693	2	1	0	0	9.75205
2.30793	2	1	0	0	9.75205
2.30893	2	1	0	0	9.75205
2.30993	2	1	0	0	9.75205
2.31093	2	1	0	0	9.75205
2.31193	2	1	0	0	9.75205
2.31293	2	1	0	0	9.75205
2.31393	2	1	0	0	9.75205
2.31493	2	1	0	0	9.75205
2.31593	2	1	0	0	9.75205
2.31693	2	1	0	0	6.74175
2.31693	2	1	0	1	9.63598
2.31793	2	1	0	0	6.74175
2.31793	2	1	0	1	9.63598
2.31886	2	1	0	0	6.74175
2.31886	2	1	0	1	9.63598
2.31993	2	1	0	0	9.75205
2.32093	2	1	0	0	9.75205
2.32193	2	1	0	0	9.75205
2.32293	2	1	0	0	8.42638
2.32393	2	1	0	0	8.36754
2.32493	2	1	0	0	5.41608
2.32493	2	1	0	1	-21.9093
2.32593	2	1	0	0	5.41608
2.32593	2	1	0	1	-21.9093
2.32693	2	1	0	0	8.42638
2.32793	2	1	0	0	8.42638
2.32893	2	1	0	0	8.36754
2.32993	2	1	0	0	8.42638
2.33093	2	1	0	0	8.42638
2.33193	2	1	0	0	8.42638
2.33293	2	1	0	0	8.42638
2.33393	2	1	0	0	8.36754
2.33493	2	1	0	0	8.42638
2.33593	2	1	0	0	8.42638
2.33693	2	1	0	0	5.41608
2.33693	2	1	0	1	-21.9093
2.33793	2	1	0	0	5.41608
2.33793	2	1	0	1	-21.9093
2.33893	2	1	0	0	5.41608
2.33893	2	1	0	1	-21.9093
2.33993	2	1	0	0	8.42638
2.34093	2	1	0	0	8.42638
2.34193	2	1	0	0	8.42638
2.34293	2	1	0	0	8.42638
2.34393	2	1	0	0	8.42638
2.34493	2	1	0	0	5.41608
2.34493	2	1	0	1	-21.9093
2.34593	2	1	0	0	5.41608
2.34593	2	1	0	1	-21.9093
2.34693	2	1	0	0	8.42638
2.34793	2	1	0	0	8.42638
2.34893	2	1	0	0	8.42638
2.34993	2	1	0	0	8.42638
2.35093	2	1	0	0	8.42638
2.35193	2	1	0	0	8.42638
2.35293	2	1	0	0	8.42638
2.35393	2	1	0	0	8.42638
2.35493	2	1	0	0	8.42638
2.35593	2	1	0	0	8.42638
2.35693	2	1	0	0	5.41608
2.35693	2	1	0	1	-21.9093
2.35793	2	1	0	0	5.41608
2.35793	2	1	0	1	-21.9093
2.35893	2	1	0	0	5.41608
2.35893	2	1	0	1	-21.9093
2.35993	2	1	0	0	8.42638
2.36093	2	1	0	0	8.42638
2.36193	2	1	0	0	8.42638
2.36293	2	1	0	0	8.42638
2.36393	2	1	0	0	8.42638
2.36493	2	1	0	0	5.41608
2.36493	2	1	0	1	-21.9093
2.36593	2	1	0	0	5.41608
2.36593	2	1	0	1	-21.9093
2.36693	2	1	0	0	8.42638
2.36793	2	1	0	0	8.42638
2.36893	2	1	0	0	8.42638
2.36993	2	1	0	0	8.42638
2.37093	2	1	0	0	8.42638
2.37193	2	1	0	0	8.42638
2.37293	2	1	0	0	8.42638
2.37393	2	1	0	0	8.42638
2.37493	2	1	0	0	8.42638
2.37593	2	1	0	0	8.42638
2.37693	2	1	0	0	5.41608
2.37693	2	1	0	1	-21.9093
2.37793	2	1	0	0	5.41608
2.37793	2	1	0	1	-21.9093
2.37893	2	1	0	0	5.41608
2.37893	2	1	0	1	-21.9093
2.37993	2	1	0	0	8.42638
2.38093	2	1	0	0	8.42638
2.38193	2	1	0	0	8.42638
2.38293	2	1	0	0	8.42638
2.38393	2	1	0	0	8.42638
2.38493	2	1	0	0	5.41608
2.38493	2	1	0	1	-21.9093
2.38593	2	1	0	0	5.41608
2.38593	2	1	0	1	-21.9093
2.38693	2	1	0	0	8.42638
2.38793	2	1	0	0	8.42638
2.38893	2	1	0	0	8.42638
2.38993	2	1	0	0	8.42638
2.39093	2	1	0	0	8.42638
2.39193	2	1	0	0	8.42638
2.39293	2	1	0	0	8.42638
2.39393	2	1	0	0	8.42638
2.39493	2	1	0	0	8.42638
2.39593	2	1	0	0	8.42638
2.39693	2	1	0	0	5.41608
2.39693	2	1	0	1	-21.9093
2.39793	2	1	0	0	5.41608
2.39793	2	1	0	1	-21.9093
2.39886	2	1	0	0	5.41608
2.39886	2	1	0	1	-21.9093
2.39993	2	1	0	0	8.42638
2.40093	2	1	0	0	8.42638
2.40193	2	1	0	0	8.42638
2.40293	2	1	0	0	8.42638
2.40393	2	1	0	0	8.36754
2.40493	2	1	0	0	5.41608
2.40493	2	1	0	1	-21.9093
2.40593	2	1	0	0	5.41608
2.40593	2	1	0	1	-21.9093
2.40693	2	1	0	0	8.42638
2.40793	2	1	0	0	8.42638
2.40893	2	1	0	0	8.36754
2.40993	2	1	0	0	8.42638
2.41093	2	1	0	0	8.42638
2.41193	2	1	0	0	8.42638
2.41293	2	1	0	0	8.42638
2.41393	2	1	0	0	8.36754
2.41493	2	1	0	0	8.42638
2.41593	2	1	0	0	8.42638
2.41693	2	1	0	0	5.41608
2.41693	2	1	0	1	-21.9093
2.41793	2	1	0	0	5.41608
2.41793	2	1	0	1	-21.9093
2.41893	2	1	0	0	5.41608
2.41893	2	1	0	1	-21.9093
2.41993	2	1	0	0	8.42638
2.42093	2	1	0	0	8.42638
2.42193	2	1	0	0	8.42638
2.42293	2	1	0	0	9.54122
2.42393	2	1	0	0	9.54122
2.42493	2	1	0	0	6.53092
2.42493	2	1	0	1	9.12542
2.42593	2	1	0	0	6.53092
2.42593	2	1	0	1	9.12542
2.42693	2	1	0	0	9.54122
2.42793	2	1	0	0	9.54122
2.42893	2	1	0	0	9.54122
2.42993	2	1	0	0	9.54122
2.43093	2	1	0	0	9.54122
2.43193	2	1	0	0	9.54122
2.43293	2	1	0	0	9.54122
2.43393	2	1	0	0	9.54122
2.43493	2	1	0	0	9.54122
2.43593	2	1	0	0	9.54122
2.43693	2	1	0	0	6.53092
2.43693	2	1	0	1	9.12542
2.43793	2	1	0	0	6.53092
2.43793	2	1	0	1	9.12542
2.43893	2	1	0	0	6.53092
2.43893	2	1	0	1	9.12542
2.43993	2	1	0	0	9.54122
2.44093	2	1	0	0	9.54122
2.44193	2	1	0	0	9.54122
2.44293	2	1	0	0	9.54122
2.44393	2	1	0	0	9.54122
2.44493	2	1	0	0	6.53092
2.44493	2	1	0	1	9.12542
2.44593	2	1	0	0	6.53092
2.44593	2	1	0	1	9.12542
2.44693	2	1	0	0	9.54122
2.44793	2	1	0	0	9.54122
2.44893	2	1	0	0	9.54122
2.44993	2	1	0	0	9.54122
2.45093	2	1	0	0	9.54122
2.45193	2	1	0	0	9.54122
2.45293	2	1	0	0	9.54122
2.45393	2	1	0	0	9.54122
2.45493	2	1	0	0	9.54122
2.45593	2	1	0	0	9.54122
2.45693	2	1	0	0	6.53092
2.45693	2	1	0	1	9.12542
2.45793	2	1	0	0	6.53092
2.45793	2	1	0	1	9.12542
2.45893	2	1	0	0	6.53092
2.45893	2	1	0	1	9.12542
2.45993	2	1	0	0	9.54122
2.46093	2	1	0	0	9.54122
2.46193	2	1	0	0	9.54122
2.46293	2	1	0	0	9.54122
2.46393	2	1	0	0	9.54122
2.46493	2	1	0	0	6.53092
2.46493	2	1	0	1	9.12542
2.46593	2	1	0	0	6.53092
2.46593	2	1	0	1	9.12542
2.46693	2	1	0	0	9.54122
2.46793	2	1	0	0	9.54122
2.46893	2	1	0	0	9.54122
2.46993	2	1	0	0	9.54122
2.47093	2	1	0	0	9.54122
2.47193	2	1	0	0	9.54122
2.47293	2	1	0	0	9.54122
2.47393	2	1	0	0	9.54122
2.47493	2	1	0	0	9.54122
2.47593	2	1	0	0	9.54122
2.47693	2	1	0	0	6.53092
2.47693	2	1	0	1	9.12542
2.47793	2	1	0	0	6.53092
2.47793	2	1	0	1	9.12542
2.47886	2	1	0	0	6.53092
2.47886	2	1	0	1	9.12542
2.47993	2	1	0	0	9.54122
2.48093	2	1	0	0	9.54122
2.48193	2	1	0	0	9.54122
2.48293	2	1	0	0	9.54122
2.48393	2	1	0	0	9.60163
2.48493	2	1	0	0	6.53092
2.48493	2	1	0	1	9.12542
2.48593	2	1	0	0	6.53092
2.48593	2	1	0	1	9.12542
2.48693	2	1	0	0	9.54122
2.48793	2	1	0	0	9.54122
2.48893	2	1	0	0	9.60163
2.48993	2	1	0	0	9.54122
2.49093	2	1	0	0	9.54122
2.49193	2	1	0	0	9.54122
2.49293	2	1	0	0	9.54122
2.49393	2	1	0	0	9.60163
2.49493	2	1	0	0	9.54122
2.49593	2	1	0	0	9.54122
2.49693	2	1	0	0	6.53092
2.49693	2	1	0	1	9.12542
2.49793	2	1	0	0	6.53092
2.49793	2	1	0	1	9.12542
2.49893	2	1	0	0	6.53092
2.49893	2	1	0	1	9.12542
2.49993	2	1	0	0	9.54122
2.50093	2	1	0	0	9.54122
2.50193	2	1	0	0	9.54122
2.50293	2	1	0	0	9.54122
2.50393	2	1	0	0	9.54122
2.50493	2	1	0	0	6.53092
2.50493	2	1	0	1	9.12542
2.50593	2	1	0	0	6.53092
2.50593	2	1	0	1	9.12542
2.50693	2	1	0	0	9.54122
2.50793	2	1	0	0	9.54122
2.50893	2	1	0	0	9.54122
2.50993	2	1	0	0	9.54122
2.51093	2	1	0	0	9.54122
2.51193	2	1	0	0	9.54122
2.51293	2	1	0	0	9.54122
2.51393	2	1	0	0	9.54122
2.51493	2	1	0	0	9.54122
2.51593	2	1	0	0	9.54122
2.51693	2	1	0	0	6.53092
2.51693	2	1	0	1	9.12542
2.51793	2	1	0	0	6.53092
2.51793	2	1	0	1	9.12542
2.51893	2	1	0	0	6.53092
2.51893	2	1	0	1	9.12542
2.51993	2	1	0	0	9.54122
2.52093	2	1	0	0	9.54122
2.52193	2	1	0	0	9.54122
2.52293	2	1	0	0	5.13665
2.52393	2	1	0	0	5.13665
2.52493	2	1	0	0	2.12635
2.52493	2	1	0	1	-5.53648
2.52593	2	1	0	0	2.12635
2.52593	2	1	0	1	-5.53648
2.52693	2	1	0	0	5.13665
2.52793	2	1	0	0	5.13665
2.52893	2	1	0	0	5.13665
2.52993	2	1	0	0	5.13665
2.53093	2	1	0	0	5.13665
2.53193	2	1	0	0	5.13665
2.53293	2	1	0	0	5.13665
2.53393	2	1	0	0	5.13665
2.53493	2	1	0	0	5.13665
2.53593	2	1	0	0	5.13665
2.53693	2	1	0	0	2.12635
2.53693	2	1	0	1	-5.53648
2.53793	2	1	0	0	2.12635
2.53793	2	1	0	1	-5.53648
2.53893	2	1	0	0	2.12635
2.53893	2	1	0	1	-5.53648
2.53993	2	1	0	0	5.13665
2.54093	2	1	0	0	5.13665
2.54193	2	1	0	0	5.13665
2.54293	2	1	0	0	5.13665
2.54393	2	1	0	0	5.13665
2.54493	2	1	0	0	2.12635
2.54493	2	1	0	1	-5.53648
2.54593	2	1	0	0	2.12635
2.54593	2	1	0	1	-5.53648
2.54693	2	1	0	0	5.13665
2.54793	2	1	0	0	5.13665
2.54893	2	1	0	0	5.13665
2.54993	2	1	0	0	5.13665
2.55093	2	1	0	0	5.13665
2.55193	2	1	0	0	5.13665
2.55293	2	1	0	0	5.13665
2.55393	2	1	0	0	5.13665
2.55493	2	1	0	0	5.13665
2.55593	2	1	0	0	5.13665
2.55693	2	1	0	0	2.12635
2.55693	2	1	0	1	-5.53648
2.55793	2	1	0	0	2.12635
2.55793	2	1	0	1	-5.53648
2.55886	2	1	0	0	2.12635
2.55886	2	1	0	1	-5.53648
2.55993	2	1	0	0	5.13665
2.56093	2	1	0	0	5.13665
2.56193	2	1	0	0	5.13665
2.56293	2	1	0	0	5.13665
2.56393	2	1	0	0	5.38806
2.56493	2	1	0	0	2.12635
2.56493	2	1	0	1	-5.53648
2.56593	2	1	0	0	2.12635
2.56593	2	1	0	1	-5.53648
2.56693	2	1	0	0	5.13665
2.56793	2	1	0	0	5.13665
2.56893	2	1	0	0	5.38806
2.56993	2	1	0	0	5.13665
2.57093	2	1	0	0	5.13665
2.57193	2	1	0	0	5.13665
2.57293	2	1	0	0	5.13665
2.57393	2	1	0	0	5.38806
2.57493	2	1	0	0	5.13665
2.57593	2	1	0	0	5.13665
2.57693	2	1	0	0	2.12635
2.57693	2	1	0	1	-5.53648
2.57793	2	1	0	0	2.12635
2.57793	2	1	0	1	-5.53648
2.57893	2	1	0	0	2.12635
2.57893	2	1	0	1	-5.53648
2.57993	2	1	0	0	5.13665
2.58093	2	1	0	0	5.13665
2.58193	2	1	0	0	5.13665
2.58293	2	1	0	0	5.13665
2.58393	2	1	0	0	5.13665
2.58493	2	1	0	0	2.12635
2.58493	2	1	0	1	-5.53648
2.58593	2	1	0	0	2.12635
2.58593	2	1	0	1	-5.53648
2.58693	2	1	0	0	5.13665
2.58793	2	1	0	0	5.13665
2.58893	2	1	0	0	5.13665
2.58993	2	1	0	0	5.13665
2.59093	2	1	0	0	5.13665
2.59193	2	1	0	0	5.13665
2.59293	2	1	0	0	5.13665
2.59393	2	1	0	0	5.13665
2.59493	2	1	0	0	5.13665
2.59593	2	1	0	0	5.13665
2.59693	2	1	0	0	2.12635
2.59693	2	1	0	1	-5.53648
2.59793	2	1	0	0	2.12635
2.59793	2	1	0	1	-5.53648
2.59893	2	1	0	0	2.12635
2.59893	2	1	0	1	-5.53648
2.59993	2	1	0	0	5.13665
2.60093	2	1	0	0	5.13665
2.60193	2	1	0	0	5.13665
2.60293	2	1	0	0	5.13665
2.60393	2	1	0	0	5.13665
2.60493	2	1	0	0	2.12635
2.60493	2	1	0	1	-5.53648
2.60593	2	1	0	0	2.12635
2.60593	2	1	0	1	-5.53648
2.60693	2	1	0	0	5.13665
2.60793	2	1	0	0	5.13665
2.60893	2	1	0	0	5.13665
2.60993	2	1	0	0	5.13665
2.61093	2	1	0	0	5.13665
2.61193	2	1	0	0	5.13665
2.61293	2	1	0	0	5.13665
2.61393	2	1	0	0	5.13665
2.61493	2	1	0	0	5.13665
2.61593	2	1	0	0	5.13665
2.61693	2	1	0	0	2.12635
2.61693	2	1	0	1	-5.53648
2.61793	2	1	0	0	2.12635
2.61793	2	1	0	1	-5.53648
2.61893	2	1	0	0	2.12635
2.61893	2	1	0	1	-5.53648
2.61993	2	1	0	0	5.13665
2.62093	2	1	0	0	5.13665
2.62193	2	1	0	0	5.13665
2.62293	2	1	0	0	5.13665
2.62393	2	1	0	0	9.62321
2.62493	2	1	0	0	6.61291
2.62493	2	1	0	1	-20.11
2.62593	2	1	0	0	6.61291
2.62593	2	1	0	1	-20.11
2.62693	2	1	0	0	9.62321
2.62793	2	1	0	0	9.62321
2.62893	2	1	0	0	9.62321
2.62993	2	1	0	0	9.62321
2.63093	2	1	0	0	9.62321
2.63193	2	1	0	0	9.62321
2.63293	2	1	0	0	9.62321
2.63393	2	1	0	0	9.62321
2.63493	2	1	0	0	9.62321
2.63593	2	1	0	0	9.62321
2.63693	2	1	0	0	6.61291
2.63693	2	1	0	1	-20.11
2.63793	2	1	0	0	6.61291
2.63793	2	1	0	1	-20.11
2.63886	2	1	0	0	6.61291
2.63886	2	1	0	1	-20.11
2.63993	2	1	0	0	9.62321
2.64093	2	1	0	0	9.62321
2.64193	2	1	0	0	9.62321
2.64293	2	1	0	0	9.62321
2.64393	2	1	0	0	9.82843
2.64493	2	1	0	0	6.61291
2.64493	2	1	0	1	-20.11
2.64593	2	1	0	0	6.61291
2.64593	2	1	0	1	-20.11
2.64693	2	1	0	0	9.62321
2.64793	2	1	0	0	9.62321
2.64893	2	1	0	0	9.82843
2.64993	2	1	0	0	9.62321
2.65093	2	1	0	0	9.62321
2.65193	2	1	0	0	9.62321
2.65293	2	1	0	0	9.62321
2.65393	2	1	0	0	9.82843
2.65493	2	1	0	0	9.62321
2.65593	2	1	0	0	9.62321
2.65693	2	1	0	0	6.61291
2.65693	2	1	0	1	-20.11
2.65793	2	1	0	0	6.61291
2.65793	2	1	0	1	-20.11
2.65893	2	1	0	0	6.61291
2.65893	2	1	0	1	-20.11
2.65993	2	1	0	0	9.62321
2.66093	2	1	0	0	9.62321
2.66193	2	1	0	0	9.62321
2.66293	2	1	0	0	9.62321
2.66393	2	1	0	0	9.62321
2.66493	2	1	0	0	6.61291
2.66493	2	1	0	1	-20.11
2.66593	2	1	0	0	6.61291
2.66593	2	1	0	1	-20.11
2.66693	2	1	0	0	9.62321
2.66793	2	1	0	0	9.62321
2.66893	2	1	0	0	9.62321
2.66993	2	1	0	0	9.62321
2.67093	2	1	0	0	9.62321
2.67193	2	1	0	0	9.62321
2.67293	2	1	0	0	9.62321
2.67393	2	1	0	0	9.62321
2.67493	2	1	0	0	9.62321
2.67593	2	1	0	0	9.62321
2.67693	2	1	0	0	6.61291
2.67693	2	1	0	1	-20.11
2.67793	2	1	0	0	6.61291
2.67793	2	1	0	1	-20.11
2.67893	2	1	0	0	6.61291
2.67893	2	1	0	1	-20.11
2.67993	2	1	0	0	9.62321
2.68093	2	1	0	0	9.62321
2.68193	2	1	0	0	9.62321
2.68293	2	1	0	0	9.62321
2.68393	2	1	0	0	9.62321
2.68493	2	1	0	0	6.61291
2.68493	2	1	0	1	-20.11
2.68593	2	1	0	0	6.61291
2.68593	2	1	0	1	-20.11
2.68693	2	1	0	0	9.62321
2.68793	2	1	0	0	9.62321
2.68893	2	1	0	0	9.62321
2.68993	2	1	0	0	9.62321
2.69093	2	1	0	0	9.62321
2.69193	2	1	0	0	9.62321
2.69293	2	1	0	0	9.62321
2.69393	2	1	0	0	9.62321
2.69493	2	1	0	0	9.62321
2.69593	2	1	0	0	9.62321
2.69693	2	1	0	0	6.61291
2.69693	2	1	0	1	-20.11
2.69793	2	1	0	0	6.61291
2.69793	2	1	0	1	-20.11
2.69893	2	1	0	0	6.61291
2.69893	2	1	0	1	-20.11
2.69993	2	1	0	0	9.62321
2.70093	2	1	0	0	9.62321
2.70193	2	1	0	0	9.62321
2.70293	2	1	0	0	9.62321
2.70393	2	1	0	0	9.62321
2.70493	2	1	0	0	6.61291
2.70493	2	1	0	1	-20.11
2.70593	2	1	0	0	6.61291
2.70593	2	1	0	1	-20.11
2.70693	2	1	0	0	9.62321
2.70793	2	1	0	0	9.62321
2.70893	2	1	0	0	9.62321
2.70993	2	1	0	0	9.62321
2.71093	2	1	0	0	9.62321
2.71193	2	1	0	0	9.62321
2.71293	2	1	0	0	9.62321
2.71393	2	1	0	0	9.62321
2.71493	2	1	0	0	9.62321
2.71593	2	1	0	0	9.62321
2.71693	2	1	0	0	6.61291
2.71693	2	1	0	1	-20.11
2.71793	2	1	0	0	6.61291
2.71793	2	1	0	1	-20.11
2.71886	2	1	0	0	6.61291
2.71886	2	1	0	1	-20.11
2.71993	2	1	0	0	9.62321
2.72093	2	1	0	0	9.62321
2.72193	2	1	0	0	9.62321
2.72293	2	1	0	0	9.62321
2.72393	2	1	0	0	11.8184
2.72493	2	1	0	0	8.74959
2.72493	2	1	0	1	8.834
2.72593	2	1	0	0	8.74959
2.72593	2	1	0	1	8.834
2.72693	2	1	0	0	11.7599
2.72793	2	1	0	0	11.7599
2.72893	2	1	0	0	11.8184
2.72993	2	1	0	0	11.7599
2.73093	2	1	0	0	11.7599
2.73193	2	1	0	0	11.7599
2.73293	2	1	0	0	11.7599
2.73393	2	1	0	0	11.8184
2.73493	2	1	0	0	11.7599
2.73593	2	1	0	0	11.7599
2.73693	2	1	0	0	8.74959
2.73693	2	1	0	1	8.834
2.73793	2	1	0	0	8.74959
2.73793	2	1	0	1	8.834
2.73893	2	1	0	0	8.74959
2.73893	2	1	0	1	8.834
2.73993	2	1	0	0	11.7599
2.74093	2	1	0	0	11.7599
2.74193	2	1	0	0	11.7599
2.74293	2	1	0	0	11.7599
2.74393	2	1	0	0	11.7599
2.74493	2	1	0	0	8.74959
2.74493	2	1	0	1	8.834
2.74593	2	1	0	0	8.74959
2.74593	2	1	0	1	8.834
2.74693	2	1	0	0	11.7599
2.74793	2	1	0	0	11.7599
2.74893	2	1	0	0	11.7599
2.74993	2	1	0	0	11.7599
2.75093	2	1	0	0	11.7599
2.75193	2	1	0	0	11.7599
2.75293	2	1	0	0	11.7599
2.75393	2	1	0	0	11.7599
2.75493	2	1	0	0	11.7599
2.75593	2	1	0	0	11.7599
2.75693	2	1	0	0	8.74959
2.75693	2	1	0	1	8.834
2.75793	2	1	0	0	8.74959
2.75793	2	1	0	1	8.834
2.75893	2	1	0	0	8.74959
2.75893	2	1	0	1	8.834
2.75993	2	1	0	0	11.7599
2.76093	2	1	0	0	11.7599
2.76193	2	1	0	0	11.7599
2.76293	2	1	0	0	11.7599
2.76393	2	1	0	0	11.7599
2.76493	2	1	0	0	8.74959
2.76493	2	1	0	1	8.834
2.76593	2	1	0	0	8.74959
2.76593	2	1	0	1	8.834
2.76693	2	1	0	0	11.7599
2.76793	2	1	0	0	11.7599
2.76893	2	1	0	0	11.7599
2.76993	2	1	0	0	11.7599
2.77093	2	1	0	0	11.7599
2.77193	2	1	0	0	11.7599
2.77293	2	1	0	0	11.7599
2.77393	2	1	0	0	11.7599
2.77493	2	1	0	0	11.7599
2.77593	2	1	0	0	11.7599
2.77693	2	1	0	0	8.74959
2.77693	2	1	0	1	8.834
2.77793	2	1	0	0	8.74959
2.77793	2	1	0	1	8.834
2.77893	2	1	0	0	8.74959
2.77893	2	1	0	1	8.834
2.77993	2	1	0	0	11.7599
2.78093	2	1	0	0	11.7599
2.78193	2	1	0	0	11.7599
2.78293	2	1	0	0	11.7599
2.78393	2	1	0	0	11.7599
2.78493	2	1	0	0	8.74959
2.78493	2	1	0	1	8.834
2.78593	2	1	0	0	8.74959
2.78593	2	1	0	1	8.834
2.78693	2	1	0	0	11.7599
2.78793	2	1	0	0	11.7599
2.78893	2	1	0	0	11.7599
2.78993	2	1	0	0	11.7599
2.79093	2	1	0	0	11.7599
2.79193	2	1	0	0	11.7599
2.79293	2	1	0	0	11.7599
2.79393	2	1	0	0	11.7599
2.79493	2	1	0	0	11.7599
2.79593	2	1	0	0	11.7599
2.79693	2	1	0	0	8.74959
2.79693	2	1	0	1	8.834
2.79793	2	1	0	0	8.74959
2.79793	2	1	0	1	8.834
2.79886	2	1	0	0	8.74959
2.79886	2	1	0	1	8.834
2.79993	2	1	0	0	11.7599
2.80093	2	1	0	0	11.7599
2.80193	2	1	0	0	11.7599
2.80293	2	1	0	0	11.7599
2.80393	2	1	0	0	11.8184
2.80493	2	1	0	0	8.74959
2.80493	2	1	0	1	8.834
2.80593	2	1	0	0	8.74959
2.80593	2	1	0	1	8.834
2.80693	2	1	0	0	11.7599
2.80793	2	1	0	0	11.7599
2.80893	2	1	0	0	11.8184
2.80993	2	1	0	0	11.7599
2.81093	2	1	0	0	11.7599
2.81193	2	1	0	0	11.7599
2.81293	2	1	0	0	11.7599
2.81393	2	1	0	0	11.8184
2.81493	2	1	0	0	11.7599
2.81593	2	1	0	0	11.7599
2.81693	2	1	0	0	8.74959
2.81693	2	1	0	1	8.834
2.81793	2	1	0	0	8.74959
2.81793	2	1	0	1	8.834
2.81893	2	1	0	0	8.74959
2.81893	2	1	0	1	8.834
2.81993	2	1	0	0	11.7599
2.82093	2	1	0	0	11.7599
2.82193	2	1	0	0	11.7599
2.82293	2	1	0	0	11.7599
2.82393	2	1	0	0	10.8438
2.82493	2	1	0	0	7.83346
2.82493	2	1	0	1	11.0485
2.82593	2	1	0	0	7.83346
2.82593	2	1	0	1	11.0485
2.82693	2	1	0	0	10.8438
2.82793	2	1	0	0	10.8438
2.82893	2	1	0	0	10.8438
2.82993	2	1	0	0	10.8438
2.83093	2	1	0	0	10.8438
2.83193	2	1	0	0	10.8438
2.83293	2	1	0	0	10.8438
2.83393	2	1	0	0	10.8438
2.83493	2	1	0	0	10.8438
2.83593	2	1	0	0	10.8438
2.83693	2	1	0	0	7.83346
2.83693	2	1	0	1	11.0485
2.83793	2	1	0	0	7.83346
2.83793	2	1	0	1	11.0485
2.83893	2	1	0	0	7.83346
2.83893	2	1	0	1	11.0485
2.83993	2	1	0	0	10.8438
2.84093	2	1	0	0	10.8438
2.84193	2	1	0	0	10.8438
2.84293	2	1	0	0	10.8438
2.84393	2	1	0	0	10.8438
2.84493	2	1	0	0	7.83346
2.84493	2	1	0	1	11.0485
2.84593	2	1	0	0	7.83346
2.84593	2	1	0	1	11.0485
2.84693	2	1	0	0	10.8438
2.84793	2	1	0	0	10.8438
2.84893	2	1	0	0	10.8438
2.84993	2	1	0	0	10.8438
2.85093	2	1	0	0	10.8438
2.85193	2	1	0	0	10.8438
2.85293	2	1	0	0	10.8438
2.85393	2	1	0	0	10.8438
2.85493	2	1	0	0	10.8438
2.85593	2	1	0	0	10.8438
2.85693	2	1	0	0	7.83346
2.85693	2	1	0	1	11.0485
2.85793	2	1	0	0	7.83346
2.85793	2	1	0	1	11.0485
2.85893	2	1	0	0	7.83346
2.85893	2	1	0	1	11.0485
2.85993	2	1	0	0	10.8438
2.86093	2	1	0	0	10.8438
2.86193	2	1	0	0	10.8438
2.86293	2	1	0	0	10.8438
2.86393	2	1	0	0	10.8438
2.86493	2	1	0	0	7.83346
2.86493	2	1	0	1	11.0485
2.86593	2	1	0	0	7.83346
2.86593	2	1	0	1	11.0485
2.86693	2	1	0	0	10.8438
2.86793	2	1	0	0	10.8438
2.86893	2	1	0	0	10.8438
2.86993	2	1	0	0	10.8438
2.87093	2	1	0	0	10.8438
2.87193	2	1	0	0	10.8438
2.87293	2	1	0	0	10.8438
2.87393	2	1	0	0	10.8438
2.87493	2	1	0	0	10.8438
2.87593	2	1	0	0	10.8438
2.87693	2	1	0	0	7.83346
2.87693	2	1	0	1	11.0485
2.87793	2	1	0	0	7.83346
2.87793	2	1	0	1	11.0485
2.87886	2	1	0	0	7.83346
2.87886	2	1	0	1	11.0485
2.87993	2	1	0	0	10.8438
2.88093	2	1	0	0	10.8438
2.88193	2	1	0	0	10.8438
2.88293	2	1	0	0	10.8438
2.88393	2	1	0	0	10.8455
2.88493	2	1	0	0	7.83346
2.88493	2	1	0	1	11.0485
2.88593	2	1	0	0	7.83346
2.88593	2	1	0	1	11.0485
2.88693	2	1	0	0	10.8438
2.88793	2	1	0	0	10.8438
2.88893	2	1	0	0	10.8455
2.88993	2	1	0	0	10.8438
2.89093	2	1	0	0	10.8438
2.89193	2	1	0	0	10.8438
2.89293	2	1	0	0	10.8438
2.89393	2	1	0	0	10.8455
2.89493	2	1	0	0	10.8438
2.89593	2	1	0	0	10.8438
2.89693	2	1	0	0	7.83346
2.89693	2	1	0	1	11.0485
2.89793	2	1	0	0	7.83346
2.89793	2	1	0	1	11.0485
2.89893	2	1	0	0	7.83346
2.89893	2	1	0	1	11.0485
2.89993	2	1	0	0	10.8438
2.90093	2	1	0	0	10.8438
2.90193	2	1	0	0	10.8438
2.90293	2	1	0	0	10.8438
2.90393	2	1	0	0	10.8438
2.90493	2	1	0	0	7.83346
2.90493	2	1	0	1	11.0485
2.90593	2	1	0	0	7.83346
2.90593	2	1	0	1	11.0485
2.90693	2	1	0	0	10.8438
2.90793	2	1	0	0	10.8438
2.90893	2	1	0	0	10.8438
2.90993	2	1	0	0	10.8438
2.91093	2	1	0	0	10.8438
2.91193	2	1	0	0	10.8438
2.91293	2	1	0	0	10.8438
2.91393	2	1	0	0	10.8438
2.91493	2	1	0	0	10.8438
2.91593	2	1	0	0	10.8438
2.91693	2	1	0	0	7.83346
2.91693	2	1	0	1	11.0485
2.91793	2	1	0	0	7.83346
2.91793	2	1	0	1	11.0485
2.91893	2	1	0	0	7.83346
2.91893	2	1	0	1	11.0485
2.91993	2	1	0	0	10.8438
2.92093	2	1	0	0	10.8438
2.92193	2	1	0	0	10.8438
2.92293	2	1	0	0	10.8438
2.92393	2	1	0	0	10.8438
2.92493	2	1	0	0	2.90867
2.92493	2	1	0	1	-21.973
2.92593	2	1	0	0	2.90867
2.92593	2	1	0	1	-21.973
2.92693	2	1	0	0	5.91897
2.92793	2	1	0	0	5.91897
2.92893	2	1	0	0	5.91897
2.92993	2	1	0	0	5.91897
2.93093	2	1	0	0	5.91897
2.93193	2	1	0	0	5.91897
2.93293	2	1	0	0	5.91897
2.93393	2	1	0	0	5.91897
2.93493	2	1	0	0	5.91897
2.93593	2	1	0	0	5.91897
2.93693	2	1	0	0	2.90867
2.93693	2	1	0	1	-21.973
2.93793	2	1	0	0	2.90867
2.93793	2	1	0	1	-21.973
2.93893	2	1	0	0	2.90867
2.93893	2	1	0	1	-21.973
2.93993	2	1	0	0	5.91897
2.94093	2	1	0	0	5.91897
2.94193	2	1	0	0	5.91897
2.94293	2	1	0	0	5.91897
2.94393	2	1	0	0	5.91897
2.94493	2	1	0	0	2.90867
2.94493	2	1	0	1	-21.973
2.94593	2	1	0	0	2.90867
2.94593	2	1	0	1	-21.973
2.94693	2	1	0	0	5.91897
2.94793	2	1	0	0	5.91897
2.94893	2	1	0	0	5.91897
2.94993	2	1	0	0	5.91897
2.95093	2	1	0	0	5.91897
2.95193	2	1	0	0	5.91897
2.95293	2	1	0	0	5.91897
2.95393	2	1	0	0	5.91897
2.95493	2	1	0	0	5.91897
2.95593	2	1	0	0	5.91897
2.95693	2	1	0	0	2.90867
2.95693	2	1	0	1	-21.973
2.95793	2	1	0	0	2.90867
2.95793	2	1	0	1	-21.973
2.95886	2	1	0	0	2.90867
2.95886	2	1	0	1	-21.973
2.95993	2	1	0	0	5.91897
2.96093	2	1	0	0	5.91897
2.96193	2	1	0	0	5.91897
2.96293	2	1	0	0	5.91897
2.96393	2	1	0	0	5.90902
2.96493	2	1	0	0	2.90867
2.96493	2	1	0	1	-21.973
2.96593	2	1	0	0	2.90867
2.96593	2	1	0	1	-21.973
2.96693	2	1	0	0	5.91897
2.96793	2	1	0	0	5.91897
2.96893	2	1	0	0	5.90902
2.96993	2	1	0	0	5.91897
2.97093	2	1	0	0	5.91897
2.97193	2	1	0	0	5.91897
2.97293	2	1	0	0	5.91897
2.97393	2	1	0	0	5.90902
2.97493	2	1	0	0	5.91897
2.97593	2	1	0	0	5.91897
2.97693	2	1	0	0	2.90867
2.97693	2	1	0	1	-21.973
2.97793	2	1	0	0	2.90867
2.97793	2	1	0	1	-21.973
2.97893	2	1	0	0	2.90867
2.97893	2	1	0	1	-21.973
2.97993	2	1	0	0	5.91897
2.98093	2	1	0	0	5.91897
2.98193	2	1	0	0	5.91897
2.98293	2	1	0	0	5.91897
2.98393	2	1	0	0	5.91897
2.98493	2	1	0	0	2.90867
2.98493	2	1	0	1	-21.973
2.98593	2	1	0	0	2.90867
2.98593	2	1	0	1	-21.973
2.98693	2	1	0	0	5.91897
2.98793	2	1	0	0	5.91897
2.98893	2	1	0	0	5.91897
2.98993	2	1	0	0	5.91897
2.99093	2	1	0	0	5.91897
2.99193	2	1	0	0	5.91897
2.99293	2	1	0	0	5.91897
2.99393	2	1	0	0	5.91897
2.99493	2	1	0	0	5.91897
2.99593	2	1	0	0	5.91897
2.99693	2	1	0	0	2.90867
2.99693	2	1	0	1	-21.973
2.99793	2	1	0	0	2.90867
2.99793	2	1	0	1	-21.973
2.99893	2	1	0	0	2.90867
2.99893	2	1	0	1	-21.973
2.99993	2	1	0	0	5.91897
