time(s)	cellId	rnti	lcid	packetSize
0.401	2	1	4	8309
0.402	2	1	4	8309
0.403	2	1	4	8309
0.404	2	1	4	8309
0.405	2	1	4	8309
0.421	2	1	4	8309
0.421	2	1	4	8309
0.422	2	1	4	8309
0.422	2	1	4	8309
0.423	2	1	4	8309
0.423	2	1	4	8309
0.424	2	1	4	8309
0.424	2	1	4	8309
0.425	2	1	4	8309
0.425	2	1	4	8309
0.441	2	1	4	8309
0.441	2	1	4	8309
0.442	2	1	4	8309
0.442	2	1	4	8309
0.443	2	1	4	8309
0.443	2	1	4	8309
0.444	2	1	4	8309
0.444	2	1	4	8309
0.445	2	1	4	8309
0.445	2	1	4	8309
0.461	2	1	4	8309
0.461	2	1	4	8309
0.462	2	1	4	8309
0.462	2	1	4	8309
0.463	2	1	4	8309
0.463	2	1	4	8309
0.464	2	1	4	8309
0.464	2	1	4	8309
0.465	2	1	4	8309
0.465	2	1	4	8309
0.476	2	1	4	7618
0.476	2	1	4	7618
0.483	2	1	4	8309
0.483	2	1	4	8309
0.484	2	1	4	8309
0.484	2	1	4	8309
0.485	2	1	4	8309
0.485	2	1	4	8309
0.486	2	1	4	8309
0.486	2	1	4	8309
0.497	2	1	4	8309
0.497	2	1	4	8309
0.503	2	1	4	8309
0.503	2	1	4	8309
0.504	2	1	4	8309
0.504	2	1	4	8309
0.505	2	1	4	8309
0.505	2	1	4	8309
0.506	2	1	4	8309
0.506	2	1	4	8309
0.517	2	1	4	8309
0.517	2	1	4	8309
0.523	2	1	4	8309
0.523	2	1	4	8309
0.524	2	1	4	8309
0.524	2	1	4	8309
0.525	2	1	4	8309
0.525	2	1	4	8309
0.526	2	1	4	8309
0.526	2	1	4	8309
0.537	2	1	4	8309
0.537	2	1	4	8309
0.543	2	1	4	8309
0.543	2	1	4	8309
0.544	2	1	4	8309
0.544	2	1	4	8309
0.545	2	1	4	8309
0.545	2	1	4	8309
0.546	2	1	4	8309
0.546	2	1	4	8309
0.556	2	1	4	7618
0.556	2	1	4	7618
0.563	2	1	4	8309
0.563	2	1	4	8309
0.564	2	1	4	8309
0.564	2	1	4	8309
0.565	2	1	4	8309
0.565	2	1	4	8309
0.567	2	1	4	8309
0.567	2	1	4	8309
0.576	2	1	4	8309
0.576	2	1	4	8309
0.583	2	1	4	8309
0.583	2	1	4	8309
0.584	2	1	4	8309
0.584	2	1	4	8309
0.585	2	1	4	8309
0.585	2	1	4	8309
0.587	2	1	4	8309
0.587	2	1	4	8309
0.596	2	1	4	8309
0.596	2	1	4	8309
0.603	2	1	4	8309
0.603	2	1	4	8309
0.604	2	1	4	8309
0.604	2	1	4	8309
0.605	2	1	4	8309
0.605	2	1	4	8309
0.607	2	1	4	8309
0.607	2	1	4	8309
0.616	2	1	4	8309
0.616	2	1	4	8309
0.621	2	1	4	114671
0.621	2	1	4	8309
0.623	2	1	4	114671
0.623	2	1	4	95904
0.624	2	1	4	114671
0.624	2	1	4	95904
0.625	2	1	4	114671
0.625	2	1	4	95904
0.627	2	1	4	95904
0.627	2	1	4	95904
0.631	2	1	4	95904
0.631	2	1	4	95904
0.632	2	1	4	114671
0.632	2	1	4	95904
0.633	2	1	4	95904
0.633	2	1	4	95904
0.634	2	1	4	114671
0.634	2	1	4	95904
0.635	2	1	4	114671
0.635	2	1	4	95904
0.636	2	1	4	105115
0.636	2	1	4	87913
0.638	2	1	4	95904
0.638	2	1	4	95904
0.642	2	1	4	95904
0.642	2	1	4	95904
0.643	2	1	4	114671
0.643	2	1	4	95904
0.644	2	1	4	95904
0.644	2	1	4	95904
0.645	2	1	4	114671
0.645	2	1	4	95904
0.646	2	1	4	114671
0.646	2	1	4	95904
0.647	2	1	4	114671
0.647	2	1	4	95904
0.649	2	1	4	95904
0.649	2	1	4	95904
0.653	2	1	4	95904
0.653	2	1	4	95904
0.654	2	1	4	114671
0.654	2	1	4	95904
0.655	2	1	4	95904
0.655	2	1	4	95904
0.656	2	1	4	114671
0.656	2	1	4	95904
0.657	2	1	4	114671
0.657	2	1	4	95904
0.658	2	1	4	114671
0.658	2	1	4	95904
0.66	2	1	4	95904
0.66	2	1	4	95904
0.664	2	1	4	95904
0.664	2	1	4	95904
0.665	2	1	4	114671
0.665	2	1	4	95904
0.666	2	1	4	95904
0.666	2	1	4	95904
0.667	2	1	4	114671
0.667	2	1	4	95904
0.668	2	1	4	28665
0.668	2	1	4	9550
0.669	2	1	4	19109
0.669	2	1	4	6681
0.671	2	1	4	31967
0.671	2	1	4	19611
0.675	2	1	4	55943
0.675	2	1	4	47210
0.676	2	1	4	19109
0.676	2	1	4	6681
0.677	2	1	4	15982
0.677	2	1	4	9809
0.678	2	1	4	19109
0.678	2	1	4	6681
0.679	2	1	4	25788
0.68	2	1	4	25788
0.682	2	1	4	31967
0.682	2	1	4	19611
0.686	2	1	4	57334
0.686	2	1	4	45819
0.687	2	1	4	25788
0.688	2	1	4	15982
0.688	2	1	4	9809
0.693	2	1	4	76446
0.693	2	1	4	52494
0.696	2	1	4	63937
0.696	2	1	4	13429
0.699	2	1	4	39961
0.699	2	1	4	37404
0.7	2	1	4	25788
0.703	2	1	4	63937
0.703	2	1	4	13429
0.704	2	1	4	22585
0.704	2	1	4	3206
0.707	2	1	4	59070
0.707	2	1	4	18296
0.714	2	1	4	118144
0.714	2	1	4	62371
0.716	2	1	4	47952
0.716	2	1	4	3626
0.717	2	1	4	25788
0.72	2	1	4	8309
0.72	2	1	4	8309
0.723	2	1	4	8309
0.723	2	1	4	8309
0.734	2	1	4	8309
0.734	2	1	4	8309
0.736	2	1	4	8309
0.736	2	1	4	8309
0.737	2	1	4	13158
0.737	2	1	4	8309
0.74	2	1	4	8309
0.74	2	1	4	8309
0.743	2	1	4	8309
0.743	2	1	4	8309
0.754	2	1	4	8309
0.754	2	1	4	8309
0.756	2	1	4	8309
0.756	2	1	4	8309
0.757	2	1	4	8309
0.757	2	1	4	8309
0.76	2	1	4	8309
0.76	2	1	4	8309
0.763	2	1	4	8309
0.763	2	1	4	8309
0.774	2	1	4	8309
0.774	2	1	4	8309
0.776	2	1	4	8309
0.776	2	1	4	8309
0.777	2	1	4	8309
0.777	2	1	4	8309
0.78	2	1	4	8309
0.78	2	1	4	8309
0.783	2	1	4	8309
0.783	2	1	4	8309
0.794	2	1	4	8309
0.794	2	1	4	8309
0.796	2	1	4	7618
0.796	2	1	4	7618
0.797	2	1	4	8309
0.797	2	1	4	8309
0.8	2	1	4	8309
0.8	2	1	4	8309
0.803	2	1	4	8309
0.803	2	1	4	8309
0.814	2	1	4	8309
0.814	2	1	4	8309
0.816	2	1	4	8309
0.816	2	1	4	8309
0.817	2	1	4	8309
0.817	2	1	4	8309
0.82	2	1	4	8309
0.82	2	1	4	8309
0.823	2	1	4	8309
0.823	2	1	4	8309
0.834	2	1	4	8309
0.834	2	1	4	8309
0.836	2	1	4	8309
0.836	2	1	4	8309
0.837	2	1	4	8309
0.837	2	1	4	8309
0.84	2	1	4	8309
0.84	2	1	4	8309
0.843	2	1	4	8309
0.843	2	1	4	8309
0.854	2	1	4	8309
0.854	2	1	4	8309
0.856	2	1	4	8309
0.856	2	1	4	8309
0.857	2	1	4	8309
0.857	2	1	4	8309
0.86	2	1	4	8309
0.86	2	1	4	8309
0.863	2	1	4	8309
0.863	2	1	4	8309
0.874	2	1	4	8309
0.874	2	1	4	8309
0.876	2	1	4	7618
0.876	2	1	4	7618
0.877	2	1	4	8309
0.877	2	1	4	8309
0.88	2	1	4	8309
0.88	2	1	4	8309
0.883	2	1	4	8309
0.883	2	1	4	8309
0.894	2	1	4	8309
0.894	2	1	4	8309
0.896	2	1	4	8309
0.896	2	1	4	8309
0.897	2	1	4	8309
0.897	2	1	4	8309
0.9	2	1	4	8309
0.9	2	1	4	8309
0.903	2	1	4	8309
0.903	2	1	4	8309
0.914	2	1	4	8309
0.914	2	1	4	8309
0.916	2	1	4	8309
0.916	2	1	4	8309
0.917	2	1	4	8309
0.917	2	1	4	8309
0.92	2	1	4	8309
0.92	2	1	4	8309
0.923	2	1	4	8309
0.923	2	1	4	8309
0.934	2	1	4	8309
0.934	2	1	4	8309
0.936	2	1	4	8309
0.936	2	1	4	8309
0.937	2	1	4	8309
0.937	2	1	4	8309
0.94	2	1	4	8309
0.94	2	1	4	8309
0.943	2	1	4	8309
0.943	2	1	4	8309
0.954	2	1	4	8309
0.954	2	1	4	8309
0.956	2	1	4	7618
0.956	2	1	4	7618
0.957	2	1	4	8309
0.957	2	1	4	8309
0.96	2	1	4	8309
0.96	2	1	4	8309
0.963	2	1	4	8309
0.963	2	1	4	8309
0.974	2	1	4	8309
0.974	2	1	4	8309
0.976	2	1	4	8309
0.976	2	1	4	8309
0.977	2	1	4	8309
0.977	2	1	4	8309
0.98	2	1	4	8309
0.98	2	1	4	8309
0.983	2	1	4	8309
0.983	2	1	4	8309
0.994	2	1	4	8309
0.994	2	1	4	8309
0.996	2	1	4	8309
0.996	2	1	4	8309
0.997	2	1	4	8309
0.997	2	1	4	8309
1	2	1	4	8309
1	2	1	4	8309
1.003	2	1	4	8309
1.003	2	1	4	8309
1.014	2	1	4	8309
1.014	2	1	4	8309
1.016	2	1	4	8309
1.016	2	1	4	8309
1.017	2	1	4	8309
1.017	2	1	4	8309
1.02	2	1	4	8309
1.02	2	1	4	8309
1.023	2	1	4	8309
1.023	2	1	4	8309
1.034	2	1	4	8309
1.034	2	1	4	8309
1.036	2	1	4	7618
1.036	2	1	4	7618
1.037	2	1	4	8309
1.037	2	1	4	8309
1.04	2	1	4	8309
1.04	2	1	4	8309
1.043	2	1	4	8309
1.043	2	1	4	8309
1.054	2	1	4	8309
1.054	2	1	4	8309
1.056	2	1	4	8309
1.056	2	1	4	8309
1.057	2	1	4	8309
1.057	2	1	4	8309
1.06	2	1	4	8309
1.06	2	1	4	8309
1.063	2	1	4	8309
1.063	2	1	4	8309
1.074	2	1	4	8309
1.074	2	1	4	8309
1.076	2	1	4	8309
1.076	2	1	4	8309
1.077	2	1	4	8309
1.077	2	1	4	8309
1.08	2	1	4	8309
1.08	2	1	4	8309
1.083	2	1	4	8309
1.083	2	1	4	8309
1.094	2	1	4	8309
1.094	2	1	4	8309
1.096	2	1	4	8309
1.096	2	1	4	8309
1.097	2	1	4	8309
1.097	2	1	4	8309
1.1	2	1	4	8309
1.1	2	1	4	8309
1.103	2	1	4	8309
1.103	2	1	4	8309
1.114	2	1	4	8309
1.114	2	1	4	8309
1.116	2	1	4	7618
1.116	2	1	4	7618
1.117	2	1	4	8309
1.117	2	1	4	8309
1.12	2	1	4	8309
1.12	2	1	4	8309
1.123	2	1	4	8309
1.123	2	1	4	8309
1.134	2	1	4	8309
1.134	2	1	4	8309
1.136	2	1	4	8309
1.136	2	1	4	8309
1.137	2	1	4	8309
1.137	2	1	4	8309
1.14	2	1	4	8309
1.14	2	1	4	8309
1.143	2	1	4	8309
1.143	2	1	4	8309
1.154	2	1	4	8309
1.154	2	1	4	8309
1.156	2	1	4	8309
1.156	2	1	4	8309
1.157	2	1	4	8309
1.157	2	1	4	8309
1.16	2	1	4	8309
1.16	2	1	4	8309
1.163	2	1	4	8309
1.163	2	1	4	8309
1.174	2	1	4	8309
1.174	2	1	4	8309
1.176	2	1	4	8309
1.176	2	1	4	8309
1.177	2	1	4	8309
1.177	2	1	4	8309
1.18	2	1	4	8309
1.18	2	1	4	8309
1.183	2	1	4	8309
1.183	2	1	4	8309
1.194	2	1	4	8309
1.194	2	1	4	8309
1.196	2	1	4	7618
1.196	2	1	4	7618
1.197	2	1	4	8309
1.197	2	1	4	8309
1.2	2	1	4	8309
1.2	2	1	4	8309
1.203	2	1	4	8309
1.203	2	1	4	8309
1.214	2	1	4	8309
1.214	2	1	4	8309
1.216	2	1	4	8309
1.216	2	1	4	8309
1.217	2	1	4	8309
1.217	2	1	4	8309
1.22	2	1	4	8309
1.22	2	1	4	8309
1.223	2	1	4	8309
1.223	2	1	4	8309
1.234	2	1	4	8309
1.234	2	1	4	8309
1.236	2	1	4	8309
1.236	2	1	4	8309
1.237	2	1	4	8309
1.237	2	1	4	8309
1.24	2	1	4	8309
1.24	2	1	4	8309
1.243	2	1	4	8309
1.243	2	1	4	8309
1.254	2	1	4	8309
1.254	2	1	4	8309
1.256	2	1	4	8309
1.256	2	1	4	8309
1.257	2	1	4	8309
1.257	2	1	4	8309
1.26	2	1	4	8309
1.26	2	1	4	8309
1.263	2	1	4	8309
1.263	2	1	4	8309
1.274	2	1	4	8309
1.274	2	1	4	8309
1.276	2	1	4	7618
1.276	2	1	4	7618
1.277	2	1	4	8309
1.277	2	1	4	8309
1.28	2	1	4	8309
1.28	2	1	4	8309
1.283	2	1	4	8309
1.283	2	1	4	8309
1.294	2	1	4	8309
1.294	2	1	4	8309
1.296	2	1	4	8309
1.296	2	1	4	8309
1.297	2	1	4	8309
1.297	2	1	4	8309
1.3	2	1	4	8309
1.3	2	1	4	8309
1.303	2	1	4	8309
1.303	2	1	4	8309
1.314	2	1	4	8309
1.314	2	1	4	8309
1.316	2	1	4	8309
1.316	2	1	4	8309
1.317	2	1	4	8309
1.317	2	1	4	8309
1.32	2	1	4	8309
1.32	2	1	4	8309
1.321	2	1	4	8309
1.321	2	1	4	8309
1.322	2	1	4	95904
1.322	2	1	4	95904
1.323	2	1	4	95904
1.323	2	1	4	95904
1.324	2	1	4	135520
1.324	2	1	4	95904
1.325	2	1	4	135520
1.325	2	1	4	95904
1.326	2	1	4	95904
1.326	2	1	4	95904
1.327	2	1	4	95904
1.327	2	1	4	95904
1.328	2	1	4	95904
1.328	2	1	4	95904
1.331	2	1	4	95904
1.331	2	1	4	95904
1.332	2	1	4	95904
1.332	2	1	4	95904
1.333	2	1	4	95904
1.333	2	1	4	95904
1.334	2	1	4	95904
1.334	2	1	4	95904
1.335	2	1	4	135520
1.335	2	1	4	95904
1.336	2	1	4	135520
1.336	2	1	4	95904
1.337	2	1	4	95904
1.337	2	1	4	95904
1.338	2	1	4	95904
1.338	2	1	4	95904
1.339	2	1	4	95904
1.339	2	1	4	95904
1.342	2	1	4	95904
1.342	2	1	4	95904
1.343	2	1	4	95904
1.343	2	1	4	95904
1.344	2	1	4	95904
1.344	2	1	4	95904
1.345	2	1	4	95904
1.345	2	1	4	95904
1.346	2	1	4	135520
1.346	2	1	4	95904
1.347	2	1	4	135520
1.347	2	1	4	95904
1.348	2	1	4	95904
1.348	2	1	4	95904
1.349	2	1	4	95904
1.349	2	1	4	95904
1.35	2	1	4	95904
1.35	2	1	4	95904
1.353	2	1	4	95904
1.353	2	1	4	95904
1.354	2	1	4	95904
1.354	2	1	4	95904
1.355	2	1	4	95904
1.355	2	1	4	95904
1.356	2	1	4	87913
1.356	2	1	4	87913
1.357	2	1	4	135520
1.357	2	1	4	95904
1.358	2	1	4	135520
1.358	2	1	4	95904
1.359	2	1	4	95904
1.359	2	1	4	95904
1.36	2	1	4	95904
1.36	2	1	4	95904
1.361	2	1	4	95904
1.361	2	1	4	95904
1.364	2	1	4	95904
1.364	2	1	4	95904
1.365	2	1	4	95904
1.365	2	1	4	95904
1.366	2	1	4	95904
1.366	2	1	4	95904
1.367	2	1	4	95904
1.367	2	1	4	95904
1.368	2	1	4	135520
1.368	2	1	4	95904
1.369	2	1	4	135520
1.369	2	1	4	95904
1.37	2	1	4	95904
1.37	2	1	4	95904
1.371	2	1	4	95904
1.371	2	1	4	95904
1.372	2	1	4	95904
1.372	2	1	4	95904
1.375	2	1	4	95904
1.375	2	1	4	95904
1.376	2	1	4	95904
1.376	2	1	4	95904
1.377	2	1	4	95904
1.377	2	1	4	95904
1.378	2	1	4	95904
1.378	2	1	4	95904
1.379	2	1	4	135520
1.379	2	1	4	95904
1.38	2	1	4	135520
1.38	2	1	4	95904
1.381	2	1	4	95904
1.381	2	1	4	95904
1.382	2	1	4	95904
1.382	2	1	4	95904
1.383	2	1	4	95904
1.383	2	1	4	95904
1.386	2	1	4	95904
1.386	2	1	4	95904
1.387	2	1	4	95903
1.387	2	1	4	95904
1.388	2	1	4	95904
1.388	2	1	4	95904
1.389	2	1	4	95904
1.389	2	1	4	95904
1.39	2	1	4	135520
1.39	2	1	4	95904
1.391	2	1	4	135520
1.391	2	1	4	95904
1.392	2	1	4	95904
1.392	2	1	4	95904
1.393	2	1	4	95904
1.393	2	1	4	95904
1.394	2	1	4	95904
1.394	2	1	4	95904
1.397	2	1	4	95904
1.397	2	1	4	95904
1.398	2	1	4	95904
1.398	2	1	4	95904
1.399	2	1	4	95904
1.399	2	1	4	95904
1.4	2	1	4	95904
1.4	2	1	4	95904
1.401	2	1	4	135520
1.401	2	1	4	95904
1.402	2	1	4	135520
1.402	2	1	4	95904
1.403	2	1	4	95904
1.403	2	1	4	95904
1.404	2	1	4	95904
1.404	2	1	4	95904
1.405	2	1	4	95904
1.405	2	1	4	95904
1.408	2	1	4	95904
1.408	2	1	4	95904
1.409	2	1	4	95904
1.409	2	1	4	95904
1.41	2	1	4	95904
1.41	2	1	4	95904
1.411	2	1	4	95904
1.411	2	1	4	95904
1.412	2	1	4	135520
1.412	2	1	4	95904
1.413	2	1	4	135520
1.413	2	1	4	95904
1.414	2	1	4	95904
1.414	2	1	4	83356
1.415	2	1	4	15982
1.415	2	1	4	9809
1.416	2	1	4	15982
1.416	2	1	4	9809
1.419	2	1	4	39961
1.419	2	1	4	37404
1.42	2	1	4	15982
1.42	2	1	4	9809
1.421	2	1	4	15982
1.421	2	1	4	9809
1.432	2	1	4	13158
1.432	2	1	4	8309
1.433	2	1	4	8309
1.433	2	1	4	8309
1.439	2	1	4	8309
1.439	2	1	4	8309
1.44	2	1	4	8309
1.44	2	1	4	8309
1.441	2	1	4	13158
1.441	2	1	4	8309
1.452	2	1	4	8309
1.452	2	1	4	8309
1.453	2	1	4	8309
1.453	2	1	4	8309
1.459	2	1	4	8309
1.459	2	1	4	8309
1.46	2	1	4	8309
1.46	2	1	4	8309
1.461	2	1	4	8309
1.461	2	1	4	8309
1.472	2	1	4	8309
1.472	2	1	4	8309
1.473	2	1	4	8309
1.473	2	1	4	8309
1.479	2	1	4	8309
1.479	2	1	4	8309
1.48	2	1	4	8309
1.48	2	1	4	8309
1.481	2	1	4	8309
1.481	2	1	4	8307
1.492	2	1	4	8309
1.492	2	1	4	8309
1.493	2	1	4	8309
1.493	2	1	4	8309
1.499	2	1	4	8309
1.499	2	1	4	8309
1.5	2	1	4	8309
1.5	2	1	4	8309
1.501	2	1	4	8309
1.501	2	1	4	8309
1.512	2	1	4	8309
1.512	2	1	4	8309
1.513	2	1	4	8309
1.513	2	1	4	8309
1.516	2	1	4	7618
1.516	2	1	4	7618
1.52	2	1	4	8309
1.52	2	1	4	8309
1.522	2	1	4	8309
1.522	2	1	4	8309
1.533	2	1	4	8309
1.533	2	1	4	8309
1.534	2	1	4	8309
1.534	2	1	4	8309
1.536	2	1	4	8309
1.536	2	1	4	8309
1.54	2	1	4	8309
1.54	2	1	4	8309
1.542	2	1	4	8309
1.542	2	1	4	8309
1.553	2	1	4	8309
1.553	2	1	4	8309
1.554	2	1	4	8309
1.554	2	1	4	8309
1.556	2	1	4	8309
1.556	2	1	4	8309
1.56	2	1	4	8309
1.56	2	1	4	8309
1.562	2	1	4	8309
1.562	2	1	4	8309
1.573	2	1	4	8309
1.573	2	1	4	8309
1.574	2	1	4	8309
1.574	2	1	4	8309
1.576	2	1	4	8309
1.576	2	1	4	8309
1.58	2	1	4	8309
1.58	2	1	4	8309
1.582	2	1	4	8309
1.582	2	1	4	8309
1.593	2	1	4	8309
1.593	2	1	4	8309
1.594	2	1	4	8309
1.594	2	1	4	8309
1.596	2	1	4	7618
1.596	2	1	4	7618
1.6	2	1	4	8309
1.6	2	1	4	8309
1.602	2	1	4	8309
1.602	2	1	4	8309
1.613	2	1	4	8309
1.613	2	1	4	8309
1.614	2	1	4	8309
1.614	2	1	4	8309
1.616	2	1	4	8309
1.616	2	1	4	8309
1.62	2	1	4	8309
1.62	2	1	4	8309
1.622	2	1	4	8309
1.622	2	1	4	8309
1.633	2	1	4	8309
1.633	2	1	4	8309
1.634	2	1	4	8309
1.634	2	1	4	8309
1.636	2	1	4	8309
1.636	2	1	4	8309
1.64	2	1	4	8309
1.64	2	1	4	8309
1.642	2	1	4	8309
1.642	2	1	4	8309
1.653	2	1	4	8309
1.653	2	1	4	8309
1.654	2	1	4	8309
1.654	2	1	4	8309
1.656	2	1	4	8309
1.656	2	1	4	8309
1.66	2	1	4	8309
1.66	2	1	4	8309
1.662	2	1	4	8309
1.662	2	1	4	8309
1.673	2	1	4	8309
1.673	2	1	4	8309
1.674	2	1	4	8309
1.674	2	1	4	8309
1.676	2	1	4	7618
1.676	2	1	4	7618
1.68	2	1	4	8309
1.68	2	1	4	8309
1.682	2	1	4	8309
1.682	2	1	4	8309
1.693	2	1	4	8309
1.693	2	1	4	8309
1.694	2	1	4	8309
1.694	2	1	4	8309
1.696	2	1	4	8309
1.696	2	1	4	8309
1.7	2	1	4	8309
1.7	2	1	4	8309
1.702	2	1	4	8309
1.702	2	1	4	8309
1.713	2	1	4	8309
1.713	2	1	4	8309
1.714	2	1	4	8309
1.714	2	1	4	8309
1.716	2	1	4	8309
1.716	2	1	4	8309
1.72	2	1	4	8309
1.72	2	1	4	8309
1.722	2	1	4	8309
1.722	2	1	4	8309
1.733	2	1	4	8309
1.733	2	1	4	8309
1.734	2	1	4	8309
1.734	2	1	4	8309
1.736	2	1	4	8309
1.736	2	1	4	8309
1.74	2	1	4	8309
1.74	2	1	4	8309
1.742	2	1	4	8309
1.742	2	1	4	8309
1.753	2	1	4	8309
1.753	2	1	4	8309
1.754	2	1	4	8309
1.754	2	1	4	8309
1.756	2	1	4	7618
1.756	2	1	4	7618
1.76	2	1	4	8309
1.76	2	1	4	8309
1.762	2	1	4	8309
1.762	2	1	4	8309
1.773	2	1	4	8309
1.773	2	1	4	8309
1.774	2	1	4	8309
1.774	2	1	4	8309
1.776	2	1	4	8309
1.776	2	1	4	8309
1.78	2	1	4	8309
1.78	2	1	4	8309
1.782	2	1	4	8309
1.782	2	1	4	8309
1.793	2	1	4	8309
1.793	2	1	4	8309
1.794	2	1	4	8309
1.794	2	1	4	8309
1.796	2	1	4	8309
1.796	2	1	4	8309
1.8	2	1	4	8309
1.8	2	1	4	8309
1.802	2	1	4	8309
1.802	2	1	4	8309
1.813	2	1	4	8309
1.813	2	1	4	8309
1.814	2	1	4	8309
1.814	2	1	4	8309
1.816	2	1	4	8309
1.816	2	1	4	8309
1.82	2	1	4	8309
1.82	2	1	4	8309
1.822	2	1	4	8309
1.822	2	1	4	8309
1.823	2	1	4	8309
1.823	2	1	4	8309
1.824	2	1	4	114671
1.824	2	1	4	8309
1.825	2	1	4	114671
1.825	2	1	4	8309
1.826	2	1	4	83395
1.826	2	1	4	83395
1.827	2	1	4	114671
1.827	2	1	4	83395
1.828	2	1	4	83395
1.828	2	1	4	83395
1.831	2	1	4	83395
1.831	2	1	4	83395
1.833	2	1	4	83395
1.833	2	1	4	83395
1.834	2	1	4	83395
1.834	2	1	4	83395
1.835	2	1	4	114671
1.835	2	1	4	83395
1.836	2	1	4	105115
1.836	2	1	4	76446
1.837	2	1	4	83395
1.837	2	1	4	83395
1.838	2	1	4	114671
1.838	2	1	4	83395
1.839	2	1	4	83395
1.839	2	1	4	83395
1.842	2	1	4	83395
1.842	2	1	4	83395
1.844	2	1	4	83395
1.844	2	1	4	83395
1.845	2	1	4	83395
1.845	2	1	4	83395
1.846	2	1	4	114671
1.846	2	1	4	83395
1.847	2	1	4	114671
1.847	2	1	4	83395
1.848	2	1	4	83395
1.848	2	1	4	83395
1.849	2	1	4	114671
1.849	2	1	4	83395
1.85	2	1	4	83395
1.85	2	1	4	83395
1.853	2	1	4	83395
1.853	2	1	4	83395
1.855	2	1	4	83395
1.855	2	1	4	83395
1.856	2	1	4	83395
1.856	2	1	4	83395
1.857	2	1	4	114671
1.857	2	1	4	83395
1.858	2	1	4	114671
1.858	2	1	4	83395
1.859	2	1	4	83395
1.859	2	1	4	83395
1.86	2	1	4	114671
1.86	2	1	4	83395
1.861	2	1	4	83395
1.861	2	1	4	83395
1.864	2	1	4	83395
1.864	2	1	4	83395
1.866	2	1	4	83395
1.866	2	1	4	83395
1.867	2	1	4	83395
1.867	2	1	4	83395
1.868	2	1	4	114671
1.868	2	1	4	83395
1.869	2	1	4	114671
1.869	2	1	4	83395
1.87	2	1	4	83395
1.87	2	1	4	83395
1.871	2	1	4	114671
1.871	2	1	4	83395
1.872	2	1	4	83395
1.872	2	1	4	83395
1.875	2	1	4	83395
1.875	2	1	4	83395
1.877	2	1	4	83395
1.877	2	1	4	83395
1.878	2	1	4	83395
1.878	2	1	4	83395
1.879	2	1	4	114671
1.879	2	1	4	83395
1.88	2	1	4	114671
1.88	2	1	4	83395
1.881	2	1	4	83395
1.881	2	1	4	83395
1.882	2	1	4	114671
1.882	2	1	4	83395
1.883	2	1	4	83395
1.883	2	1	4	83395
1.886	2	1	4	83395
1.886	2	1	4	83395
1.888	2	1	4	83395
1.888	2	1	4	83395
1.889	2	1	4	83395
1.889	2	1	4	83395
1.89	2	1	4	114671
1.89	2	1	4	83395
1.891	2	1	4	114671
1.891	2	1	4	83395
1.892	2	1	4	83395
1.892	2	1	4	83395
1.893	2	1	4	114671
1.893	2	1	4	83395
1.894	2	1	4	83395
1.894	2	1	4	83395
1.897	2	1	4	83395
1.897	2	1	4	83395
1.899	2	1	4	83395
1.899	2	1	4	83395
1.9	2	1	4	83395
1.9	2	1	4	83395
1.901	2	1	4	114671
1.901	2	1	4	83395
1.902	2	1	4	114671
1.902	2	1	4	83395
1.903	2	1	4	83395
1.903	2	1	4	83395
1.904	2	1	4	114671
1.904	2	1	4	83395
1.905	2	1	4	83395
1.905	2	1	4	83395
1.908	2	1	4	62546
1.908	2	1	4	55950
1.91	2	1	4	27797
1.91	2	1	4	23781
1.911	2	1	4	13897
1.911	2	1	4	11894
1.912	2	1	4	19109
1.912	2	1	4	6681
1.913	2	1	4	19109
1.913	2	1	4	6681
1.914	2	1	4	13897
1.914	2	1	4	11894
1.915	2	1	4	19109
1.915	2	1	4	6681
1.916	2	1	4	13897
1.916	2	1	4	11894
1.919	2	1	4	41697
1.919	2	1	4	35668
1.921	2	1	4	27797
1.921	2	1	4	23781
1.922	2	1	4	13897
1.922	2	1	4	11894
1.933	2	1	4	13158
1.933	2	1	4	8309
1.935	2	1	4	13158
1.935	2	1	4	8309
1.939	2	1	4	8309
1.939	2	1	4	8309
1.941	2	1	4	8309
1.941	2	1	4	8309
1.942	2	1	4	13158
1.942	2	1	4	8309
1.953	2	1	4	8309
1.953	2	1	4	8309
1.955	2	1	4	8309
1.955	2	1	4	8309
1.959	2	1	4	8309
1.959	2	1	4	8309
1.961	2	1	4	8309
1.961	2	1	4	8309
1.962	2	1	4	8309
1.962	2	1	4	8309
1.973	2	1	4	8309
1.973	2	1	4	8309
1.975	2	1	4	8309
1.975	2	1	4	8309
1.979	2	1	4	8309
1.979	2	1	4	8309
1.981	2	1	4	8309
1.981	2	1	4	8309
1.982	2	1	4	8309
1.982	2	1	4	8309
1.993	2	1	4	8309
1.993	2	1	4	8309
1.995	2	1	4	8309
1.995	2	1	4	8309
1.996	2	1	4	7618
1.996	2	1	4	7618
2.002	2	1	4	8309
2.002	2	1	4	8309
2.003	2	1	4	8309
2.003	2	1	4	8309
2.014	2	1	4	8309
2.014	2	1	4	8307
2.015	2	1	4	8309
2.015	2	1	4	8309
2.016	2	1	4	8309
2.016	2	1	4	8309
2.022	2	1	4	8309
2.022	2	1	4	8309
2.023	2	1	4	8309
2.023	2	1	4	8309
2.034	2	1	4	8309
2.034	2	1	4	8309
2.035	2	1	4	8309
2.035	2	1	4	8309
2.036	2	1	4	8309
2.036	2	1	4	8309
2.042	2	1	4	8309
2.042	2	1	4	8309
2.043	2	1	4	8309
2.043	2	1	4	8309
2.054	2	1	4	8309
2.054	2	1	4	8309
2.055	2	1	4	8309
2.055	2	1	4	8309
2.056	2	1	4	8309
2.056	2	1	4	8309
2.062	2	1	4	8309
2.062	2	1	4	8309
2.063	2	1	4	8309
2.063	2	1	4	8309
2.074	2	1	4	8309
2.074	2	1	4	8309
2.075	2	1	4	8309
2.075	2	1	4	8309
2.076	2	1	4	7618
2.076	2	1	4	7618
2.082	2	1	4	8309
2.082	2	1	4	8309
2.083	2	1	4	8309
2.083	2	1	4	8309
2.094	2	1	4	8309
2.094	2	1	4	8309
2.095	2	1	4	8309
2.095	2	1	4	8309
2.096	2	1	4	8309
2.096	2	1	4	8309
2.102	2	1	4	8309
2.102	2	1	4	8309
2.103	2	1	4	8309
2.103	2	1	4	8309
2.114	2	1	4	8309
2.114	2	1	4	8309
2.115	2	1	4	8309
2.115	2	1	4	8309
2.116	2	1	4	8309
2.116	2	1	4	8309
2.122	2	1	4	8309
2.122	2	1	4	8309
2.123	2	1	4	8309
2.123	2	1	4	8309
2.134	2	1	4	8309
2.134	2	1	4	8309
2.135	2	1	4	8309
2.135	2	1	4	8309
2.136	2	1	4	8309
2.136	2	1	4	8309
2.142	2	1	4	8309
2.142	2	1	4	8309
2.143	2	1	4	8309
2.143	2	1	4	8309
2.154	2	1	4	8309
2.154	2	1	4	8309
2.155	2	1	4	8309
2.155	2	1	4	8309
2.156	2	1	4	7618
2.156	2	1	4	7618
2.162	2	1	4	8309
2.162	2	1	4	8309
2.163	2	1	4	8309
2.163	2	1	4	8309
2.174	2	1	4	8309
2.174	2	1	4	8309
2.175	2	1	4	8309
2.175	2	1	4	8309
2.176	2	1	4	8309
2.176	2	1	4	8309
2.182	2	1	4	8309
2.182	2	1	4	8309
2.183	2	1	4	8309
2.183	2	1	4	8309
2.194	2	1	4	8309
2.194	2	1	4	8309
2.195	2	1	4	8309
2.195	2	1	4	8309
2.196	2	1	4	8309
2.196	2	1	4	8309
2.202	2	1	4	8309
2.202	2	1	4	8309
2.203	2	1	4	8309
2.203	2	1	4	8309
2.214	2	1	4	8309
2.214	2	1	4	8309
2.215	2	1	4	8309
2.215	2	1	4	8309
2.216	2	1	4	8309
2.216	2	1	4	8309
2.222	2	1	4	8309
2.222	2	1	4	8309
2.223	2	1	4	8309
2.223	2	1	4	8309
2.234	2	1	4	8309
2.234	2	1	4	8309
2.235	2	1	4	8309
2.235	2	1	4	8309
2.236	2	1	4	7618
2.236	2	1	4	7618
2.242	2	1	4	8309
2.242	2	1	4	8309
2.243	2	1	4	8309
2.243	2	1	4	8309
2.254	2	1	4	8309
2.254	2	1	4	8309
2.255	2	1	4	8309
2.255	2	1	4	8309
2.256	2	1	4	8309
2.256	2	1	4	8309
2.262	2	1	4	8309
2.262	2	1	4	8309
2.263	2	1	4	8309
2.263	2	1	4	8309
2.274	2	1	4	8309
2.274	2	1	4	8309
2.275	2	1	4	8309
2.275	2	1	4	8309
2.276	2	1	4	8309
2.276	2	1	4	8309
2.282	2	1	4	8309
2.282	2	1	4	8309
2.283	2	1	4	8309
2.283	2	1	4	8309
2.294	2	1	4	8309
2.294	2	1	4	8309
2.295	2	1	4	8309
2.295	2	1	4	8309
2.296	2	1	4	8309
2.296	2	1	4	8309
2.302	2	1	4	8309
2.302	2	1	4	8309
2.303	2	1	4	8309
2.303	2	1	4	8309
2.314	2	1	4	8309
2.314	2	1	4	8309
2.315	2	1	4	8309
2.315	2	1	4	8309
2.316	2	1	4	7618
2.316	2	1	4	7618
2.322	2	1	4	8309
2.322	2	1	4	8309
2.323	2	1	4	8309
2.323	2	1	4	8309
2.334	2	1	4	8309
2.334	2	1	4	8309
2.335	2	1	4	8309
2.335	2	1	4	8309
2.336	2	1	4	8309
2.336	2	1	4	8309
2.342	2	1	4	8309
2.342	2	1	4	8309
2.343	2	1	4	8309
2.343	2	1	4	8309
2.354	2	1	4	8309
2.354	2	1	4	8309
2.355	2	1	4	8309
2.355	2	1	4	8309
2.356	2	1	4	8309
2.356	2	1	4	8309
2.362	2	1	4	8309
2.362	2	1	4	8309
2.363	2	1	4	8309
2.363	2	1	4	8309
2.374	2	1	4	8309
2.374	2	1	4	8309
2.375	2	1	4	8309
2.375	2	1	4	8309
2.376	2	1	4	8309
2.376	2	1	4	8309
2.382	2	1	4	8309
2.382	2	1	4	8309
2.383	2	1	4	8309
2.383	2	1	4	8309
2.394	2	1	4	8309
2.394	2	1	4	8309
2.395	2	1	4	8309
2.395	2	1	4	8309
2.396	2	1	4	7618
2.396	2	1	4	7618
2.402	2	1	4	8309
2.402	2	1	4	8309
2.403	2	1	4	8309
2.403	2	1	4	8309
2.414	2	1	4	8309
2.414	2	1	4	8309
2.415	2	1	4	8309
2.415	2	1	4	8309
2.416	2	1	4	8309
2.416	2	1	4	8309
2.422	2	1	4	8309
2.422	2	1	4	8309
2.423	2	1	4	8309
2.423	2	1	4	8309
2.434	2	1	4	8309
2.434	2	1	4	8309
2.435	2	1	4	8309
2.435	2	1	4	8309
2.436	2	1	4	8309
2.436	2	1	4	8309
2.442	2	1	4	8309
2.442	2	1	4	8309
2.443	2	1	4	8309
2.443	2	1	4	8309
2.454	2	1	4	8309
2.454	2	1	4	8309
2.455	2	1	4	8309
2.455	2	1	4	8309
2.456	2	1	4	8309
2.456	2	1	4	8309
2.462	2	1	4	8309
2.462	2	1	4	8309
2.463	2	1	4	8309
2.463	2	1	4	8309
2.474	2	1	4	8309
2.474	2	1	4	8309
2.475	2	1	4	8309
2.475	2	1	4	8309
2.476	2	1	4	7618
2.476	2	1	4	7618
2.482	2	1	4	8309
2.482	2	1	4	8309
2.483	2	1	4	8309
2.483	2	1	4	8309
2.494	2	1	4	8309
2.494	2	1	4	8309
2.495	2	1	4	8309
2.495	2	1	4	8309
2.496	2	1	4	8309
2.496	2	1	4	8309
2.502	2	1	4	8309
2.502	2	1	4	8309
2.503	2	1	4	8309
2.503	2	1	4	8309
2.514	2	1	4	8309
2.514	2	1	4	8309
2.515	2	1	4	8309
2.515	2	1	4	8309
2.516	2	1	4	8309
2.516	2	1	4	8309
2.522	2	1	4	8309
2.522	2	1	4	8309
2.523	2	1	4	8309
2.523	2	1	4	8309
2.534	2	1	4	8309
2.534	2	1	4	8309
2.535	2	1	4	8309
2.535	2	1	4	8309
2.536	2	1	4	8309
2.536	2	1	4	8309
2.542	2	1	4	8309
2.542	2	1	4	8309
2.543	2	1	4	8309
2.543	2	1	4	8309
2.554	2	1	4	8309
2.554	2	1	4	8309
2.555	2	1	4	8309
2.555	2	1	4	8309
2.556	2	1	4	7618
2.556	2	1	4	7618
2.562	2	1	4	8309
2.562	2	1	4	8309
2.563	2	1	4	8309
2.563	2	1	4	8309
2.574	2	1	4	8309
2.574	2	1	4	8309
2.575	2	1	4	8309
2.575	2	1	4	8309
2.576	2	1	4	8309
2.576	2	1	4	8309
2.582	2	1	4	8309
2.582	2	1	4	8309
2.583	2	1	4	8309
2.583	2	1	4	8309
2.594	2	1	4	8309
2.594	2	1	4	8309
2.595	2	1	4	8309
2.595	2	1	4	8309
2.596	2	1	4	8309
2.596	2	1	4	8309
2.602	2	1	4	8309
2.602	2	1	4	8309
2.603	2	1	4	8309
2.603	2	1	4	8309
2.614	2	1	4	8309
2.614	2	1	4	8309
2.615	2	1	4	8309
2.615	2	1	4	8309
2.616	2	1	4	8309
2.616	2	1	4	8309
2.622	2	1	4	8309
2.622	2	1	4	8309
2.623	2	1	4	8309
2.623	2	1	4	8309
2.634	2	1	4	8309
2.634	2	1	4	8309
2.635	2	1	4	8309
2.635	2	1	4	8309
2.636	2	1	4	7618
2.636	2	1	4	7618
2.642	2	1	4	8309
2.642	2	1	4	8309
2.643	2	1	4	8309
2.643	2	1	4	8309
2.654	2	1	4	8309
2.654	2	1	4	8309
2.655	2	1	4	8309
2.655	2	1	4	8309
2.656	2	1	4	8309
2.656	2	1	4	8309
2.662	2	1	4	8309
2.662	2	1	4	8309
2.663	2	1	4	8309
2.663	2	1	4	8309
2.674	2	1	4	8309
2.674	2	1	4	8309
2.675	2	1	4	8309
2.675	2	1	4	8309
2.676	2	1	4	8309
2.676	2	1	4	8309
2.682	2	1	4	8309
2.682	2	1	4	8309
2.683	2	1	4	8309
2.683	2	1	4	8309
2.694	2	1	4	8309
2.694	2	1	4	8309
2.695	2	1	4	8309
2.695	2	1	4	8309
2.696	2	1	4	8309
2.696	2	1	4	8309
2.702	2	1	4	8309
2.702	2	1	4	8309
2.703	2	1	4	8309
2.703	2	1	4	8309
2.714	2	1	4	8309
2.714	2	1	4	8309
2.715	2	1	4	8309
2.715	2	1	4	8309
2.716	2	1	4	7618
2.716	2	1	4	7618
2.722	2	1	4	8309
2.722	2	1	4	8309
2.723	2	1	4	8309
2.723	2	1	4	8309
2.734	2	1	4	8309
2.734	2	1	4	8309
2.735	2	1	4	8309
2.735	2	1	4	8309
2.736	2	1	4	8309
2.736	2	1	4	8309
2.742	2	1	4	8309
2.742	2	1	4	8309
2.743	2	1	4	8309
2.743	2	1	4	8309
2.754	2	1	4	8309
2.754	2	1	4	8309
2.755	2	1	4	8309
2.755	2	1	4	8309
2.756	2	1	4	8309
2.756	2	1	4	8309
2.762	2	1	4	8309
2.762	2	1	4	8309
2.763	2	1	4	8309
2.763	2	1	4	8309
2.774	2	1	4	8309
2.774	2	1	4	8309
2.775	2	1	4	8309
2.775	2	1	4	8309
2.776	2	1	4	8309
2.776	2	1	4	8309
2.782	2	1	4	8309
2.782	2	1	4	8309
2.783	2	1	4	8309
2.783	2	1	4	8309
2.794	2	1	4	8309
2.794	2	1	4	8309
2.795	2	1	4	8309
2.795	2	1	4	8309
2.796	2	1	4	7618
2.796	2	1	4	7618
2.802	2	1	4	8309
2.802	2	1	4	8309
2.803	2	1	4	8309
2.803	2	1	4	8309
2.814	2	1	4	8309
2.814	2	1	4	8309
2.815	2	1	4	8309
2.815	2	1	4	8309
2.816	2	1	4	8309
2.816	2	1	4	8309
2.822	2	1	4	8309
2.822	2	1	4	8309
2.823	2	1	4	8309
2.823	2	1	4	8309
2.834	2	1	4	8309
2.834	2	1	4	8309
2.835	2	1	4	8309
2.835	2	1	4	8309
2.836	2	1	4	8309
2.836	2	1	4	8309
2.842	2	1	4	8309
2.842	2	1	4	8309
2.843	2	1	4	8309
2.843	2	1	4	8309
2.854	2	1	4	8309
2.854	2	1	4	8309
2.855	2	1	4	8309
2.855	2	1	4	8309
2.856	2	1	4	8309
2.856	2	1	4	8309
2.862	2	1	4	8309
2.862	2	1	4	8309
2.863	2	1	4	8309
2.863	2	1	4	8309
2.874	2	1	4	8309
2.874	2	1	4	8309
2.875	2	1	4	8309
2.875	2	1	4	8309
2.876	2	1	4	7618
2.876	2	1	4	7618
2.882	2	1	4	8309
2.882	2	1	4	8309
2.883	2	1	4	8309
2.883	2	1	4	8309
2.894	2	1	4	8309
2.894	2	1	4	8309
2.895	2	1	4	8309
2.895	2	1	4	8309
2.896	2	1	4	8309
2.896	2	1	4	8309
2.902	2	1	4	8309
2.902	2	1	4	8309
2.903	2	1	4	8309
2.903	2	1	4	8309
2.914	2	1	4	8309
2.914	2	1	4	8309
2.915	2	1	4	8309
2.915	2	1	4	8309
2.916	2	1	4	8309
2.916	2	1	4	8309
2.922	2	1	4	8309
2.922	2	1	4	8309
2.923	2	1	4	8309
2.923	2	1	4	8309
2.934	2	1	4	8309
2.934	2	1	4	8309
2.935	2	1	4	8309
2.935	2	1	4	8309
2.936	2	1	4	8309
2.936	2	1	4	8309
2.942	2	1	4	8309
2.942	2	1	4	8309
2.943	2	1	4	8309
2.943	2	1	4	8309
2.954	2	1	4	8309
2.954	2	1	4	8309
2.955	2	1	4	8309
2.955	2	1	4	8309
2.956	2	1	4	7618
2.956	2	1	4	7618
2.962	2	1	4	8309
2.962	2	1	4	8309
2.963	2	1	4	8309
2.963	2	1	4	8309
2.974	2	1	4	8309
2.974	2	1	4	8309
2.975	2	1	4	8309
2.975	2	1	4	8309
2.976	2	1	4	8309
2.976	2	1	4	8309
2.982	2	1	4	8309
2.982	2	1	4	8309
2.983	2	1	4	8309
2.983	2	1	4	8309
2.994	2	1	4	8309
2.994	2	1	4	8309
2.995	2	1	4	8309
2.995	2	1	4	8309
2.996	2	1	4	8309
2.996	2	1	4	8309
