Time(sec)	CellId	BwpId	txStreamId 	IMSI	rxStreamId	pathLoss(dB)
0.0179286	1	0	0	1	0	-103.375
0.0788571	1	0	0	1	0	-103.375
0.0788571	1	0	1	1	1	-103.375
0.158857	1	0	0	1	0	-123.879
0.158857	1	0	1	1	1	-123.879
0.238857	1	0	0	1	0	-123.879
0.238857	1	0	1	1	1	-123.879
0.318857	1	0	0	1	0	-123.879
0.318857	1	0	1	1	1	-123.879
0.398857	1	0	0	1	0	-123.879
0.398857	1	0	1	1	1	-123.879
0.405929	1	0	0	1	0	-123.879
0.406929	1	0	0	1	0	-123.879
0.407929	1	0	0	1	0	-123.879
0.408929	1	0	0	1	0	-123.879
0.409929	1	0	0	1	0	-123.879
0.410929	1	0	0	1	0	-123.879
0.411929	1	0	0	1	0	-123.879
0.412929	1	0	0	1	0	-123.879
0.413929	1	0	0	1	0	-123.879
0.414929	1	0	0	1	0	-123.879
0.415929	1	0	0	1	0	-123.879
0.416929	1	0	0	1	0	-123.879
0.417929	1	0	0	1	0	-123.879
0.418929	1	0	0	1	0	-123.879
0.419929	1	0	0	1	0	-123.879
0.420929	1	0	0	1	0	-123.879
0.421929	1	0	0	1	0	-123.879
0.422929	1	0	0	1	0	-123.879
0.423929	1	0	0	1	0	-123.879
0.424929	1	0	0	1	0	-123.879
0.425929	1	0	0	1	0	-123.879
0.426929	1	0	0	1	0	-123.879
0.427929	1	0	0	1	0	-123.879
0.428929	1	0	0	1	0	-123.879
0.429929	1	0	0	1	0	-123.879
0.430929	1	0	0	1	0	-123.879
0.431929	1	0	0	1	0	-123.879
0.432929	1	0	0	1	0	-123.879
0.433929	1	0	0	1	0	-123.879
0.434929	1	0	0	1	0	-123.879
0.435929	1	0	0	1	0	-123.879
0.436929	1	0	0	1	0	-123.879
0.437929	1	0	0	1	0	-123.879
0.438929	1	0	0	1	0	-123.879
0.439929	1	0	0	1	0	-123.879
0.440929	1	0	0	1	0	-123.879
0.441929	1	0	0	1	0	-123.879
0.442929	1	0	0	1	0	-123.879
0.443929	1	0	0	1	0	-123.879
0.444929	1	0	0	1	0	-123.879
0.445929	1	0	0	1	0	-123.879
0.446929	1	0	0	1	0	-123.879
0.447929	1	0	0	1	0	-123.879
0.448929	1	0	0	1	0	-123.879
0.449929	1	0	0	1	0	-123.879
0.450929	1	0	0	1	0	-123.879
0.451929	1	0	0	1	0	-123.879
0.452929	1	0	0	1	0	-123.879
0.453929	1	0	0	1	0	-123.879
0.454929	1	0	0	1	0	-123.879
0.455929	1	0	0	1	0	-123.879
0.456929	1	0	0	1	0	-123.879
0.457929	1	0	0	1	0	-123.879
0.458929	1	0	0	1	0	-123.879
0.459929	1	0	0	1	0	-123.879
0.460929	1	0	0	1	0	-123.879
0.461929	1	0	0	1	0	-123.879
0.462929	1	0	0	1	0	-123.879
0.463929	1	0	0	1	0	-123.879
0.464929	1	0	0	1	0	-123.879
0.465929	1	0	0	1	0	-123.879
0.466929	1	0	0	1	0	-123.879
0.467929	1	0	0	1	0	-123.879
0.468929	1	0	0	1	0	-123.879
0.469929	1	0	0	1	0	-123.879
0.470929	1	0	0	1	0	-123.879
0.471929	1	0	0	1	0	-123.879
0.472929	1	0	0	1	0	-123.879
0.473929	1	0	0	1	0	-123.879
0.474929	1	0	0	1	0	-123.879
0.475929	1	0	0	1	0	-123.879
0.476929	1	0	0	1	0	-123.879
0.477929	1	0	0	1	0	-123.879
0.478857	1	0	0	1	0	-123.879
0.478857	1	0	1	1	1	-123.879
0.478929	1	0	0	1	0	-123.879
0.479929	1	0	0	1	0	-123.879
0.480929	1	0	0	1	0	-123.879
0.481929	1	0	0	1	0	-123.879
0.482929	1	0	0	1	0	-123.879
0.483929	1	0	0	1	0	-123.879
0.484929	1	0	0	1	0	-123.879
0.485929	1	0	0	1	0	-123.879
0.486929	1	0	0	1	0	-123.879
0.487929	1	0	0	1	0	-123.879
0.488929	1	0	0	1	0	-123.879
0.489929	1	0	0	1	0	-123.879
0.490929	1	0	0	1	0	-123.879
0.491929	1	0	0	1	0	-123.879
0.492929	1	0	0	1	0	-123.879
0.493929	1	0	0	1	0	-123.879
0.494929	1	0	0	1	0	-123.879
0.495929	1	0	0	1	0	-123.879
0.496929	1	0	0	1	0	-123.879
0.497929	1	0	0	1	0	-123.879
0.498929	1	0	0	1	0	-123.879
0.499929	1	0	0	1	0	-123.879
0.500929	1	0	0	1	0	-123.879
0.501929	1	0	0	1	0	-123.879
0.502929	1	0	0	1	0	-123.879
0.503929	1	0	0	1	0	-123.879
0.504929	1	0	0	1	0	-123.879
0.505929	1	0	0	1	0	-123.879
0.506929	1	0	0	1	0	-123.879
0.507929	1	0	0	1	0	-123.879
0.508929	1	0	0	1	0	-123.879
0.509929	1	0	0	1	0	-123.879
0.510929	1	0	0	1	0	-123.879
0.511929	1	0	0	1	0	-123.879
0.512929	1	0	0	1	0	-123.879
0.513929	1	0	0	1	0	-123.879
0.514929	1	0	0	1	0	-123.879
0.515929	1	0	0	1	0	-123.879
0.516929	1	0	0	1	0	-123.879
0.517929	1	0	0	1	0	-123.879
0.518929	1	0	0	1	0	-123.879
0.519929	1	0	0	1	0	-123.879
0.520929	1	0	0	1	0	-123.879
0.521929	1	0	0	1	0	-123.879
0.522929	1	0	0	1	0	-123.879
0.523929	1	0	0	1	0	-123.879
0.524929	1	0	0	1	0	-123.879
0.525929	1	0	0	1	0	-123.879
0.526929	1	0	0	1	0	-123.879
0.527929	1	0	0	1	0	-123.879
0.528929	1	0	0	1	0	-123.879
0.529929	1	0	0	1	0	-123.879
0.530929	1	0	0	1	0	-123.879
0.531929	1	0	0	1	0	-123.879
0.532929	1	0	0	1	0	-123.879
0.533929	1	0	0	1	0	-123.879
0.534929	1	0	0	1	0	-123.879
0.535929	1	0	0	1	0	-123.879
0.536929	1	0	0	1	0	-123.879
0.537929	1	0	0	1	0	-123.879
0.538929	1	0	0	1	0	-123.879
0.539929	1	0	0	1	0	-123.879
0.540929	1	0	0	1	0	-123.879
0.541929	1	0	0	1	0	-123.879
0.542929	1	0	0	1	0	-123.879
0.543929	1	0	0	1	0	-123.879
0.544929	1	0	0	1	0	-123.879
0.545929	1	0	0	1	0	-123.879
0.546929	1	0	0	1	0	-123.879
0.547929	1	0	0	1	0	-123.879
0.548929	1	0	0	1	0	-123.879
0.549929	1	0	0	1	0	-123.879
0.550929	1	0	0	1	0	-123.879
0.551929	1	0	0	1	0	-123.879
0.552929	1	0	0	1	0	-123.879
0.553929	1	0	0	1	0	-123.879
0.554929	1	0	0	1	0	-123.879
0.555929	1	0	0	1	0	-123.879
0.556929	1	0	0	1	0	-123.879
0.557929	1	0	0	1	0	-123.879
0.558857	1	0	0	1	0	-123.879
0.558857	1	0	1	1	1	-123.879
0.558929	1	0	0	1	0	-123.879
0.559929	1	0	0	1	0	-123.879
0.560929	1	0	0	1	0	-123.879
0.561929	1	0	0	1	0	-123.879
0.562929	1	0	0	1	0	-123.879
0.563929	1	0	0	1	0	-123.879
0.564929	1	0	0	1	0	-123.879
0.565929	1	0	0	1	0	-123.879
0.566929	1	0	0	1	0	-123.879
0.567929	1	0	0	1	0	-123.879
0.568929	1	0	0	1	0	-123.879
0.569929	1	0	0	1	0	-123.879
0.570929	1	0	0	1	0	-123.879
0.571929	1	0	0	1	0	-123.879
0.572929	1	0	0	1	0	-123.879
0.573929	1	0	0	1	0	-123.879
0.574929	1	0	0	1	0	-123.879
0.575929	1	0	0	1	0	-123.879
0.576929	1	0	0	1	0	-123.879
0.577929	1	0	0	1	0	-123.879
0.578929	1	0	0	1	0	-123.879
0.579929	1	0	0	1	0	-123.879
0.580929	1	0	0	1	0	-123.879
0.581929	1	0	0	1	0	-123.879
0.582929	1	0	0	1	0	-123.879
0.583929	1	0	0	1	0	-123.879
0.584929	1	0	0	1	0	-123.879
0.585929	1	0	0	1	0	-123.879
0.586929	1	0	0	1	0	-123.879
0.587929	1	0	0	1	0	-123.879
0.588929	1	0	0	1	0	-123.879
0.589929	1	0	0	1	0	-123.879
0.590929	1	0	0	1	0	-123.879
0.591929	1	0	0	1	0	-123.879
0.592929	1	0	0	1	0	-123.879
0.593929	1	0	0	1	0	-123.879
0.594929	1	0	0	1	0	-123.879
0.595929	1	0	0	1	0	-123.879
0.596929	1	0	0	1	0	-123.879
0.597929	1	0	0	1	0	-123.879
0.598929	1	0	0	1	0	-123.879
0.599929	1	0	0	1	0	-123.879
0.600929	1	0	0	1	0	-123.879
0.601929	1	0	0	1	0	-123.879
0.602929	1	0	0	1	0	-123.879
0.603929	1	0	0	1	0	-123.879
0.604929	1	0	0	1	0	-123.879
0.605929	1	0	0	1	0	-123.879
0.606929	1	0	0	1	0	-123.879
0.607929	1	0	0	1	0	-123.879
0.608929	1	0	0	1	0	-123.879
0.609929	1	0	0	1	0	-123.879
0.610929	1	0	0	1	0	-123.879
0.611929	1	0	0	1	0	-123.879
0.612929	1	0	0	1	0	-123.879
0.613929	1	0	0	1	0	-123.879
0.614929	1	0	0	1	0	-123.879
0.615929	1	0	0	1	0	-123.879
0.616929	1	0	0	1	0	-103.375
0.617929	1	0	0	1	0	-103.375
0.618929	1	0	0	1	0	-103.375
0.619929	1	0	0	1	0	-103.375
0.620929	1	0	0	1	0	-103.375
0.621929	1	0	0	1	0	-103.375
0.622929	1	0	0	1	0	-103.375
0.623929	1	0	0	1	0	-103.375
0.624929	1	0	0	1	0	-103.375
0.625929	1	0	0	1	0	-103.375
0.626929	1	0	0	1	0	-103.375
0.627929	1	0	0	1	0	-103.375
0.628929	1	0	0	1	0	-103.375
0.629929	1	0	0	1	0	-103.375
0.630929	1	0	0	1	0	-103.375
0.631929	1	0	0	1	0	-103.375
0.632929	1	0	0	1	0	-103.375
0.633929	1	0	0	1	0	-103.375
0.634929	1	0	0	1	0	-103.375
0.635929	1	0	0	1	0	-103.375
0.636929	1	0	0	1	0	-103.375
0.637929	1	0	0	1	0	-103.375
0.638857	1	0	0	1	0	-103.375
0.638857	1	0	1	1	1	-103.375
0.638929	1	0	0	1	0	-103.375
0.639929	1	0	0	1	0	-103.375
0.640929	1	0	0	1	0	-103.375
0.641929	1	0	0	1	0	-103.375
0.642929	1	0	0	1	0	-103.375
0.643929	1	0	0	1	0	-103.375
0.644929	1	0	0	1	0	-103.375
0.645929	1	0	0	1	0	-103.375
0.646929	1	0	0	1	0	-103.375
0.647929	1	0	0	1	0	-103.375
0.648929	1	0	0	1	0	-103.375
0.649929	1	0	0	1	0	-103.375
0.650929	1	0	0	1	0	-103.375
0.651929	1	0	0	1	0	-103.375
0.652929	1	0	0	1	0	-103.375
0.653929	1	0	0	1	0	-103.375
0.654929	1	0	0	1	0	-103.375
0.655929	1	0	0	1	0	-103.375
0.656929	1	0	0	1	0	-103.375
0.657929	1	0	0	1	0	-103.375
0.658929	1	0	0	1	0	-103.375
0.659929	1	0	0	1	0	-103.375
0.660929	1	0	0	1	0	-103.375
0.661929	1	0	0	1	0	-103.375
0.662929	1	0	0	1	0	-103.375
0.663929	1	0	0	1	0	-103.375
0.664929	1	0	0	1	0	-103.375
0.665929	1	0	0	1	0	-103.375
0.666929	1	0	0	1	0	-103.375
0.667929	1	0	0	1	0	-103.375
0.668929	1	0	0	1	0	-103.375
0.669929	1	0	0	1	0	-103.375
0.670929	1	0	0	1	0	-103.375
0.671929	1	0	0	1	0	-103.375
0.672929	1	0	0	1	0	-103.375
0.673929	1	0	0	1	0	-103.375
0.674929	1	0	0	1	0	-103.375
0.675929	1	0	0	1	0	-103.375
0.676929	1	0	0	1	0	-103.375
0.677929	1	0	0	1	0	-103.375
0.678929	1	0	0	1	0	-103.375
0.679929	1	0	0	1	0	-103.375
0.680929	1	0	0	1	0	-103.375
0.681929	1	0	0	1	0	-103.375
0.682929	1	0	0	1	0	-103.375
0.683929	1	0	0	1	0	-103.375
0.684929	1	0	0	1	0	-103.375
0.685929	1	0	0	1	0	-103.375
0.686929	1	0	0	1	0	-103.375
0.687929	1	0	0	1	0	-103.375
0.688929	1	0	0	1	0	-103.375
0.689929	1	0	0	1	0	-103.375
0.690929	1	0	0	1	0	-103.375
0.691929	1	0	0	1	0	-103.375
0.692929	1	0	0	1	0	-103.375
0.693929	1	0	0	1	0	-103.375
0.694929	1	0	0	1	0	-103.375
0.695929	1	0	0	1	0	-103.375
0.696929	1	0	0	1	0	-103.375
0.697929	1	0	0	1	0	-103.375
0.698929	1	0	0	1	0	-103.375
0.699929	1	0	0	1	0	-103.375
0.700929	1	0	0	1	0	-103.375
0.701929	1	0	0	1	0	-103.375
0.702929	1	0	0	1	0	-103.375
0.703929	1	0	0	1	0	-103.375
0.704929	1	0	0	1	0	-103.375
0.705929	1	0	0	1	0	-103.375
0.706929	1	0	0	1	0	-103.375
0.707929	1	0	0	1	0	-103.375
0.708929	1	0	0	1	0	-103.375
0.709929	1	0	0	1	0	-103.375
0.710929	1	0	0	1	0	-103.375
0.711929	1	0	0	1	0	-103.375
0.712929	1	0	0	1	0	-103.375
0.713929	1	0	0	1	0	-103.375
0.714929	1	0	0	1	0	-103.375
0.715929	1	0	0	1	0	-103.375
0.716929	1	0	0	1	0	-123.879
0.717929	1	0	0	1	0	-123.879
0.718857	1	0	0	1	0	-123.879
0.718857	1	0	1	1	1	-123.879
0.718929	1	0	0	1	0	-123.879
0.719929	1	0	0	1	0	-123.879
0.720929	1	0	0	1	0	-123.879
0.721929	1	0	0	1	0	-123.879
0.722929	1	0	0	1	0	-123.879
0.723929	1	0	0	1	0	-123.879
0.724929	1	0	0	1	0	-123.879
0.725929	1	0	0	1	0	-123.879
0.726929	1	0	0	1	0	-123.879
0.727929	1	0	0	1	0	-123.879
0.728929	1	0	0	1	0	-123.879
0.729929	1	0	0	1	0	-123.879
0.730929	1	0	0	1	0	-123.879
0.731929	1	0	0	1	0	-123.879
0.732929	1	0	0	1	0	-123.879
0.733929	1	0	0	1	0	-123.879
0.734929	1	0	0	1	0	-123.879
0.735929	1	0	0	1	0	-123.879
0.736929	1	0	0	1	0	-123.879
0.737929	1	0	0	1	0	-123.879
0.738929	1	0	0	1	0	-123.879
0.739929	1	0	0	1	0	-123.879
0.740929	1	0	0	1	0	-123.879
0.741929	1	0	0	1	0	-123.879
0.742929	1	0	0	1	0	-123.879
0.743929	1	0	0	1	0	-123.879
0.744929	1	0	0	1	0	-123.879
0.745929	1	0	0	1	0	-123.879
0.746929	1	0	0	1	0	-123.879
0.747929	1	0	0	1	0	-123.879
0.748929	1	0	0	1	0	-123.879
0.749929	1	0	0	1	0	-123.879
0.750929	1	0	0	1	0	-123.879
0.751929	1	0	0	1	0	-123.879
0.752929	1	0	0	1	0	-123.879
0.753929	1	0	0	1	0	-123.879
0.754929	1	0	0	1	0	-123.879
0.755929	1	0	0	1	0	-123.879
0.756929	1	0	0	1	0	-123.879
0.757929	1	0	0	1	0	-123.879
0.758929	1	0	0	1	0	-123.879
0.759929	1	0	0	1	0	-123.879
0.760929	1	0	0	1	0	-123.879
0.761929	1	0	0	1	0	-123.879
0.762929	1	0	0	1	0	-123.879
0.763929	1	0	0	1	0	-123.879
0.764929	1	0	0	1	0	-123.879
0.765929	1	0	0	1	0	-123.879
0.766929	1	0	0	1	0	-123.879
0.767929	1	0	0	1	0	-123.879
0.768929	1	0	0	1	0	-123.879
0.769929	1	0	0	1	0	-123.879
0.770929	1	0	0	1	0	-123.879
0.771929	1	0	0	1	0	-123.879
0.772929	1	0	0	1	0	-123.879
0.773929	1	0	0	1	0	-123.879
0.774929	1	0	0	1	0	-123.879
0.775929	1	0	0	1	0	-123.879
0.776929	1	0	0	1	0	-123.879
0.777929	1	0	0	1	0	-123.879
0.778929	1	0	0	1	0	-123.879
0.779929	1	0	0	1	0	-123.879
0.780929	1	0	0	1	0	-123.879
0.781929	1	0	0	1	0	-123.879
0.782929	1	0	0	1	0	-123.879
0.783929	1	0	0	1	0	-123.879
0.784929	1	0	0	1	0	-123.879
0.785929	1	0	0	1	0	-123.879
0.786929	1	0	0	1	0	-123.879
0.787929	1	0	0	1	0	-123.879
0.788929	1	0	0	1	0	-123.879
0.789929	1	0	0	1	0	-123.879
0.790929	1	0	0	1	0	-123.879
0.791929	1	0	0	1	0	-123.879
0.792929	1	0	0	1	0	-123.879
0.793929	1	0	0	1	0	-123.879
0.794929	1	0	0	1	0	-123.879
0.795929	1	0	0	1	0	-123.879
0.796929	1	0	0	1	0	-123.879
0.797929	1	0	0	1	0	-123.879
0.798857	1	0	0	1	0	-123.879
0.798857	1	0	1	1	1	-123.879
0.798929	1	0	0	1	0	-123.879
0.799929	1	0	0	1	0	-123.879
0.800929	1	0	0	1	0	-123.879
0.801929	1	0	0	1	0	-123.879
0.802929	1	0	0	1	0	-123.879
0.803929	1	0	0	1	0	-123.879
0.804929	1	0	0	1	0	-123.879
0.805929	1	0	0	1	0	-123.879
0.806929	1	0	0	1	0	-123.879
0.807929	1	0	0	1	0	-123.879
0.808929	1	0	0	1	0	-123.879
0.809929	1	0	0	1	0	-123.879
0.810929	1	0	0	1	0	-123.879
0.811929	1	0	0	1	0	-123.879
0.812929	1	0	0	1	0	-123.879
0.813929	1	0	0	1	0	-123.879
0.814929	1	0	0	1	0	-123.879
0.815929	1	0	0	1	0	-123.879
0.816929	1	0	0	1	0	-123.879
0.817929	1	0	0	1	0	-123.879
0.818929	1	0	0	1	0	-123.879
0.819929	1	0	0	1	0	-123.879
0.820929	1	0	0	1	0	-123.879
0.821929	1	0	0	1	0	-123.879
0.822929	1	0	0	1	0	-123.879
0.823929	1	0	0	1	0	-123.879
0.824929	1	0	0	1	0	-123.879
0.825929	1	0	0	1	0	-123.879
0.826929	1	0	0	1	0	-123.879
0.827929	1	0	0	1	0	-123.879
0.828929	1	0	0	1	0	-123.879
0.829929	1	0	0	1	0	-123.879
0.830929	1	0	0	1	0	-123.879
0.831929	1	0	0	1	0	-123.879
0.832929	1	0	0	1	0	-123.879
0.833929	1	0	0	1	0	-123.879
0.834929	1	0	0	1	0	-123.879
0.835929	1	0	0	1	0	-123.879
0.836929	1	0	0	1	0	-123.879
0.837929	1	0	0	1	0	-123.879
0.838929	1	0	0	1	0	-123.879
0.839929	1	0	0	1	0	-123.879
0.840929	1	0	0	1	0	-123.879
0.841929	1	0	0	1	0	-123.879
0.842929	1	0	0	1	0	-123.879
0.843929	1	0	0	1	0	-123.879
0.844929	1	0	0	1	0	-123.879
0.845929	1	0	0	1	0	-123.879
0.846929	1	0	0	1	0	-123.879
0.847929	1	0	0	1	0	-123.879
0.848929	1	0	0	1	0	-123.879
0.849929	1	0	0	1	0	-123.879
0.850929	1	0	0	1	0	-123.879
0.851929	1	0	0	1	0	-123.879
0.852929	1	0	0	1	0	-123.879
0.853929	1	0	0	1	0	-123.879
0.854929	1	0	0	1	0	-123.879
0.855929	1	0	0	1	0	-123.879
0.856929	1	0	0	1	0	-123.879
0.857929	1	0	0	1	0	-123.879
0.858929	1	0	0	1	0	-123.879
0.859929	1	0	0	1	0	-123.879
0.860929	1	0	0	1	0	-123.879
0.861929	1	0	0	1	0	-123.879
0.862929	1	0	0	1	0	-123.879
0.863929	1	0	0	1	0	-123.879
0.864929	1	0	0	1	0	-123.879
0.865929	1	0	0	1	0	-123.879
0.866929	1	0	0	1	0	-123.879
0.867929	1	0	0	1	0	-123.879
0.868929	1	0	0	1	0	-123.879
0.869929	1	0	0	1	0	-123.879
0.870929	1	0	0	1	0	-123.879
0.871929	1	0	0	1	0	-123.879
0.872929	1	0	0	1	0	-123.879
0.873929	1	0	0	1	0	-123.879
0.874929	1	0	0	1	0	-123.879
0.875929	1	0	0	1	0	-123.879
0.876929	1	0	0	1	0	-123.879
0.877929	1	0	0	1	0	-123.879
0.878857	1	0	0	1	0	-123.879
0.878857	1	0	1	1	1	-123.879
0.878929	1	0	0	1	0	-123.879
0.879929	1	0	0	1	0	-123.879
0.880929	1	0	0	1	0	-123.879
0.881929	1	0	0	1	0	-123.879
0.882929	1	0	0	1	0	-123.879
0.883929	1	0	0	1	0	-123.879
0.884929	1	0	0	1	0	-123.879
0.885929	1	0	0	1	0	-123.879
0.886929	1	0	0	1	0	-123.879
0.887929	1	0	0	1	0	-123.879
0.888929	1	0	0	1	0	-123.879
0.889929	1	0	0	1	0	-123.879
0.890929	1	0	0	1	0	-123.879
0.891929	1	0	0	1	0	-123.879
0.892929	1	0	0	1	0	-123.879
0.893929	1	0	0	1	0	-123.879
0.894929	1	0	0	1	0	-123.879
0.895929	1	0	0	1	0	-123.879
0.896929	1	0	0	1	0	-123.879
0.897929	1	0	0	1	0	-123.879
0.898929	1	0	0	1	0	-123.879
0.899929	1	0	0	1	0	-123.879
0.900929	1	0	0	1	0	-123.879
0.901929	1	0	0	1	0	-123.879
0.902929	1	0	0	1	0	-123.879
0.903929	1	0	0	1	0	-123.879
0.904929	1	0	0	1	0	-123.879
0.905929	1	0	0	1	0	-123.879
0.906929	1	0	0	1	0	-123.879
0.907929	1	0	0	1	0	-123.879
0.908929	1	0	0	1	0	-123.879
0.909929	1	0	0	1	0	-123.879
0.910929	1	0	0	1	0	-123.879
0.911929	1	0	0	1	0	-123.879
0.912929	1	0	0	1	0	-123.879
0.913929	1	0	0	1	0	-123.879
0.914929	1	0	0	1	0	-123.879
0.915929	1	0	0	1	0	-123.879
0.916929	1	0	0	1	0	-123.879
0.917929	1	0	0	1	0	-123.879
0.918929	1	0	0	1	0	-123.879
0.919929	1	0	0	1	0	-123.879
0.920929	1	0	0	1	0	-123.879
0.921929	1	0	0	1	0	-123.879
0.922929	1	0	0	1	0	-123.879
0.923929	1	0	0	1	0	-123.879
0.924929	1	0	0	1	0	-123.879
0.925929	1	0	0	1	0	-123.879
0.926929	1	0	0	1	0	-123.879
0.927929	1	0	0	1	0	-123.879
0.928929	1	0	0	1	0	-123.879
0.929929	1	0	0	1	0	-123.879
0.930929	1	0	0	1	0	-123.879
0.931929	1	0	0	1	0	-123.879
0.932929	1	0	0	1	0	-123.879
0.933929	1	0	0	1	0	-123.879
0.934929	1	0	0	1	0	-123.879
0.935929	1	0	0	1	0	-123.879
0.936929	1	0	0	1	0	-123.879
0.937929	1	0	0	1	0	-123.879
0.938929	1	0	0	1	0	-123.879
0.939929	1	0	0	1	0	-123.879
0.940929	1	0	0	1	0	-123.879
0.941929	1	0	0	1	0	-123.879
0.942929	1	0	0	1	0	-123.879
0.943929	1	0	0	1	0	-123.879
0.944929	1	0	0	1	0	-123.879
0.945929	1	0	0	1	0	-123.879
0.946929	1	0	0	1	0	-123.879
0.947929	1	0	0	1	0	-123.879
0.948929	1	0	0	1	0	-123.879
0.949929	1	0	0	1	0	-123.879
0.950929	1	0	0	1	0	-123.879
0.951929	1	0	0	1	0	-123.879
0.952929	1	0	0	1	0	-123.879
0.953929	1	0	0	1	0	-123.879
0.954929	1	0	0	1	0	-123.879
0.955929	1	0	0	1	0	-123.879
0.956929	1	0	0	1	0	-123.879
0.957929	1	0	0	1	0	-123.879
0.958857	1	0	0	1	0	-123.879
0.958857	1	0	1	1	1	-123.879
0.958929	1	0	0	1	0	-123.879
0.959929	1	0	0	1	0	-123.879
0.960929	1	0	0	1	0	-123.879
0.961929	1	0	0	1	0	-123.879
0.962929	1	0	0	1	0	-123.879
0.963929	1	0	0	1	0	-123.879
0.964929	1	0	0	1	0	-123.879
0.965929	1	0	0	1	0	-123.879
0.966929	1	0	0	1	0	-123.879
0.967929	1	0	0	1	0	-123.879
0.968929	1	0	0	1	0	-123.879
0.969929	1	0	0	1	0	-123.879
0.970929	1	0	0	1	0	-123.879
0.971929	1	0	0	1	0	-123.879
0.972929	1	0	0	1	0	-123.879
0.973929	1	0	0	1	0	-123.879
0.974929	1	0	0	1	0	-123.879
0.975929	1	0	0	1	0	-123.879
0.976929	1	0	0	1	0	-123.879
0.977929	1	0	0	1	0	-123.879
0.978929	1	0	0	1	0	-123.879
0.979929	1	0	0	1	0	-123.879
0.980929	1	0	0	1	0	-123.879
0.981929	1	0	0	1	0	-123.879
0.982929	1	0	0	1	0	-123.879
0.983929	1	0	0	1	0	-123.879
0.984929	1	0	0	1	0	-123.879
0.985929	1	0	0	1	0	-123.879
0.986929	1	0	0	1	0	-123.879
0.987929	1	0	0	1	0	-123.879
0.988929	1	0	0	1	0	-123.879
0.989929	1	0	0	1	0	-123.879
0.990929	1	0	0	1	0	-123.879
0.991929	1	0	0	1	0	-123.879
0.992929	1	0	0	1	0	-123.879
0.993929	1	0	0	1	0	-123.879
0.994929	1	0	0	1	0	-123.879
0.995929	1	0	0	1	0	-123.879
0.996929	1	0	0	1	0	-123.879
0.997929	1	0	0	1	0	-123.879
0.998929	1	0	0	1	0	-123.879
0.999929	1	0	0	1	0	-123.879
1.00093	1	0	0	1	0	-123.879
1.00193	1	0	0	1	0	-123.879
1.00293	1	0	0	1	0	-123.879
1.00393	1	0	0	1	0	-123.879
1.00493	1	0	0	1	0	-123.879
1.00593	1	0	0	1	0	-123.879
1.00693	1	0	0	1	0	-123.879
1.00793	1	0	0	1	0	-123.879
1.00893	1	0	0	1	0	-123.879
1.00993	1	0	0	1	0	-123.879
1.01093	1	0	0	1	0	-123.879
1.01193	1	0	0	1	0	-123.879
1.01293	1	0	0	1	0	-123.879
1.01393	1	0	0	1	0	-123.879
1.01493	1	0	0	1	0	-123.879
1.01593	1	0	0	1	0	-123.879
1.01693	1	0	0	1	0	-123.879
1.01793	1	0	0	1	0	-123.879
1.01893	1	0	0	1	0	-123.879
1.01993	1	0	0	1	0	-123.879
1.02093	1	0	0	1	0	-123.879
1.02193	1	0	0	1	0	-123.879
1.02293	1	0	0	1	0	-123.879
1.02393	1	0	0	1	0	-123.879
1.02493	1	0	0	1	0	-123.879
1.02593	1	0	0	1	0	-123.879
1.02693	1	0	0	1	0	-123.879
1.02793	1	0	0	1	0	-123.879
1.02893	1	0	0	1	0	-123.879
1.02993	1	0	0	1	0	-123.879
1.03093	1	0	0	1	0	-123.879
1.03193	1	0	0	1	0	-123.879
1.03293	1	0	0	1	0	-123.879
1.03393	1	0	0	1	0	-123.879
1.03493	1	0	0	1	0	-123.879
1.03593	1	0	0	1	0	-123.879
1.03693	1	0	0	1	0	-123.879
1.03793	1	0	0	1	0	-123.879
1.03886	1	0	0	1	0	-123.879
1.03886	1	0	1	1	1	-123.879
1.03893	1	0	0	1	0	-123.879
1.03993	1	0	0	1	0	-123.879
1.04093	1	0	0	1	0	-123.879
1.04193	1	0	0	1	0	-123.879
1.04293	1	0	0	1	0	-123.879
1.04393	1	0	0	1	0	-123.879
1.04493	1	0	0	1	0	-123.879
1.04593	1	0	0	1	0	-123.879
1.04693	1	0	0	1	0	-123.879
1.04793	1	0	0	1	0	-123.879
1.04893	1	0	0	1	0	-123.879
1.04993	1	0	0	1	0	-123.879
1.05093	1	0	0	1	0	-123.879
1.05193	1	0	0	1	0	-123.879
1.05293	1	0	0	1	0	-123.879
1.05393	1	0	0	1	0	-123.879
1.05493	1	0	0	1	0	-123.879
1.05593	1	0	0	1	0	-123.879
1.05693	1	0	0	1	0	-123.879
1.05793	1	0	0	1	0	-123.879
1.05893	1	0	0	1	0	-123.879
1.05993	1	0	0	1	0	-123.879
1.06093	1	0	0	1	0	-123.879
1.06193	1	0	0	1	0	-123.879
1.06293	1	0	0	1	0	-123.879
1.06393	1	0	0	1	0	-123.879
1.06493	1	0	0	1	0	-123.879
1.06593	1	0	0	1	0	-123.879
1.06693	1	0	0	1	0	-123.879
1.06793	1	0	0	1	0	-123.879
1.06893	1	0	0	1	0	-123.879
1.06993	1	0	0	1	0	-123.879
1.07093	1	0	0	1	0	-123.879
1.07193	1	0	0	1	0	-123.879
1.07293	1	0	0	1	0	-123.879
1.07393	1	0	0	1	0	-123.879
1.07493	1	0	0	1	0	-123.879
1.07593	1	0	0	1	0	-123.879
1.07693	1	0	0	1	0	-123.879
1.07793	1	0	0	1	0	-123.879
1.07893	1	0	0	1	0	-123.879
1.07993	1	0	0	1	0	-123.879
1.08093	1	0	0	1	0	-123.879
1.08193	1	0	0	1	0	-123.879
1.08293	1	0	0	1	0	-123.879
1.08393	1	0	0	1	0	-123.879
1.08493	1	0	0	1	0	-123.879
1.08593	1	0	0	1	0	-123.879
1.08693	1	0	0	1	0	-123.879
1.08793	1	0	0	1	0	-123.879
1.08893	1	0	0	1	0	-123.879
1.08993	1	0	0	1	0	-123.879
1.09093	1	0	0	1	0	-123.879
1.09193	1	0	0	1	0	-123.879
1.09293	1	0	0	1	0	-123.879
1.09393	1	0	0	1	0	-123.879
1.09493	1	0	0	1	0	-123.879
1.09593	1	0	0	1	0	-123.879
1.09693	1	0	0	1	0	-123.879
1.09793	1	0	0	1	0	-123.879
1.09893	1	0	0	1	0	-123.879
1.09993	1	0	0	1	0	-123.879
1.10093	1	0	0	1	0	-123.879
1.10193	1	0	0	1	0	-123.879
1.10293	1	0	0	1	0	-123.879
1.10393	1	0	0	1	0	-123.879
1.10493	1	0	0	1	0	-123.879
1.10593	1	0	0	1	0	-123.879
1.10693	1	0	0	1	0	-123.879
1.10793	1	0	0	1	0	-123.879
1.10893	1	0	0	1	0	-123.879
1.10993	1	0	0	1	0	-123.879
1.11093	1	0	0	1	0	-123.879
1.11193	1	0	0	1	0	-123.879
1.11293	1	0	0	1	0	-123.879
1.11393	1	0	0	1	0	-123.879
1.11493	1	0	0	1	0	-123.879
1.11593	1	0	0	1	0	-123.879
1.11693	1	0	0	1	0	-123.879
1.11793	1	0	0	1	0	-123.879
1.11886	1	0	0	1	0	-123.879
1.11886	1	0	1	1	1	-123.879
1.11893	1	0	0	1	0	-123.879
1.11993	1	0	0	1	0	-123.879
1.12093	1	0	0	1	0	-123.879
1.12193	1	0	0	1	0	-123.879
1.12293	1	0	0	1	0	-123.879
1.12393	1	0	0	1	0	-123.879
1.12493	1	0	0	1	0	-123.879
1.12593	1	0	0	1	0	-123.879
1.12693	1	0	0	1	0	-123.879
1.12793	1	0	0	1	0	-123.879
1.12893	1	0	0	1	0	-123.879
1.12993	1	0	0	1	0	-123.879
1.13093	1	0	0	1	0	-123.879
1.13193	1	0	0	1	0	-123.879
1.13293	1	0	0	1	0	-123.879
1.13393	1	0	0	1	0	-123.879
1.13493	1	0	0	1	0	-123.879
1.13593	1	0	0	1	0	-123.879
1.13693	1	0	0	1	0	-123.879
1.13793	1	0	0	1	0	-123.879
1.13893	1	0	0	1	0	-123.879
1.13993	1	0	0	1	0	-123.879
1.14093	1	0	0	1	0	-123.879
1.14193	1	0	0	1	0	-123.879
1.14293	1	0	0	1	0	-123.879
1.14393	1	0	0	1	0	-123.879
1.14493	1	0	0	1	0	-123.879
1.14593	1	0	0	1	0	-123.879
1.14693	1	0	0	1	0	-123.879
1.14793	1	0	0	1	0	-123.879
1.14893	1	0	0	1	0	-123.879
1.14993	1	0	0	1	0	-123.879
1.15093	1	0	0	1	0	-123.879
1.15193	1	0	0	1	0	-123.879
1.15293	1	0	0	1	0	-123.879
1.15393	1	0	0	1	0	-123.879
1.15493	1	0	0	1	0	-123.879
1.15593	1	0	0	1	0	-123.879
1.15693	1	0	0	1	0	-123.879
1.15793	1	0	0	1	0	-123.879
1.15893	1	0	0	1	0	-123.879
1.15993	1	0	0	1	0	-123.879
1.16093	1	0	0	1	0	-123.879
1.16193	1	0	0	1	0	-123.879
1.16293	1	0	0	1	0	-123.879
1.16393	1	0	0	1	0	-123.879
1.16493	1	0	0	1	0	-123.879
1.16593	1	0	0	1	0	-123.879
1.16693	1	0	0	1	0	-123.879
1.16793	1	0	0	1	0	-123.879
1.16893	1	0	0	1	0	-123.879
1.16993	1	0	0	1	0	-123.879
1.17093	1	0	0	1	0	-123.879
1.17193	1	0	0	1	0	-123.879
1.17293	1	0	0	1	0	-123.879
1.17393	1	0	0	1	0	-123.879
1.17493	1	0	0	1	0	-123.879
1.17593	1	0	0	1	0	-123.879
1.17693	1	0	0	1	0	-123.879
1.17793	1	0	0	1	0	-123.879
1.17893	1	0	0	1	0	-123.879
1.17993	1	0	0	1	0	-123.879
1.18093	1	0	0	1	0	-123.879
1.18193	1	0	0	1	0	-123.879
1.18293	1	0	0	1	0	-123.879
1.18393	1	0	0	1	0	-123.879
1.18493	1	0	0	1	0	-123.879
1.18593	1	0	0	1	0	-123.879
1.18693	1	0	0	1	0	-123.879
1.18793	1	0	0	1	0	-123.879
1.18893	1	0	0	1	0	-123.879
1.18993	1	0	0	1	0	-123.879
1.19093	1	0	0	1	0	-123.879
1.19193	1	0	0	1	0	-123.879
1.19293	1	0	0	1	0	-123.879
1.19393	1	0	0	1	0	-123.879
1.19493	1	0	0	1	0	-123.879
1.19593	1	0	0	1	0	-123.879
1.19693	1	0	0	1	0	-123.879
1.19793	1	0	0	1	0	-123.879
1.19886	1	0	0	1	0	-123.879
1.19886	1	0	1	1	1	-123.879
1.19893	1	0	0	1	0	-123.879
1.19993	1	0	0	1	0	-123.879
1.20093	1	0	0	1	0	-123.879
1.20193	1	0	0	1	0	-123.879
1.20293	1	0	0	1	0	-123.879
1.20393	1	0	0	1	0	-123.879
1.20493	1	0	0	1	0	-123.879
1.20593	1	0	0	1	0	-123.879
1.20693	1	0	0	1	0	-123.879
1.20793	1	0	0	1	0	-123.879
1.20893	1	0	0	1	0	-123.879
1.20993	1	0	0	1	0	-123.879
1.21093	1	0	0	1	0	-123.879
1.21193	1	0	0	1	0	-123.879
1.21293	1	0	0	1	0	-123.879
1.21393	1	0	0	1	0	-123.879
1.21493	1	0	0	1	0	-123.879
1.21593	1	0	0	1	0	-123.879
1.21693	1	0	0	1	0	-123.879
1.21793	1	0	0	1	0	-123.879
1.21893	1	0	0	1	0	-123.879
1.21993	1	0	0	1	0	-123.879
1.22093	1	0	0	1	0	-123.879
1.22193	1	0	0	1	0	-123.879
1.22293	1	0	0	1	0	-123.879
1.22393	1	0	0	1	0	-123.879
1.22493	1	0	0	1	0	-123.879
1.22593	1	0	0	1	0	-123.879
1.22693	1	0	0	1	0	-123.879
1.22793	1	0	0	1	0	-123.879
1.22893	1	0	0	1	0	-123.879
1.22993	1	0	0	1	0	-123.879
1.23093	1	0	0	1	0	-123.879
1.23193	1	0	0	1	0	-123.879
1.23293	1	0	0	1	0	-123.879
1.23393	1	0	0	1	0	-123.879
1.23493	1	0	0	1	0	-123.879
1.23593	1	0	0	1	0	-123.879
1.23693	1	0	0	1	0	-123.879
1.23793	1	0	0	1	0	-123.879
1.23893	1	0	0	1	0	-123.879
1.23993	1	0	0	1	0	-123.879
1.24093	1	0	0	1	0	-123.879
1.24193	1	0	0	1	0	-123.879
1.24293	1	0	0	1	0	-123.879
1.24393	1	0	0	1	0	-123.879
1.24493	1	0	0	1	0	-123.879
1.24593	1	0	0	1	0	-123.879
1.24693	1	0	0	1	0	-123.879
1.24793	1	0	0	1	0	-123.879
1.24893	1	0	0	1	0	-123.879
1.24993	1	0	0	1	0	-123.879
1.25093	1	0	0	1	0	-123.879
1.25193	1	0	0	1	0	-123.879
1.25293	1	0	0	1	0	-123.879
1.25393	1	0	0	1	0	-123.879
1.25493	1	0	0	1	0	-123.879
1.25593	1	0	0	1	0	-123.879
1.25693	1	0	0	1	0	-123.879
1.25793	1	0	0	1	0	-123.879
1.25893	1	0	0	1	0	-123.879
1.25993	1	0	0	1	0	-123.879
1.26093	1	0	0	1	0	-123.879
1.26193	1	0	0	1	0	-123.879
1.26293	1	0	0	1	0	-123.879
1.26393	1	0	0	1	0	-123.879
1.26493	1	0	0	1	0	-123.879
1.26593	1	0	0	1	0	-123.879
1.26693	1	0	0	1	0	-123.879
1.26793	1	0	0	1	0	-123.879
1.26893	1	0	0	1	0	-123.879
1.26993	1	0	0	1	0	-123.879
1.27093	1	0	0	1	0	-123.879
1.27193	1	0	0	1	0	-123.879
1.27293	1	0	0	1	0	-123.879
1.27393	1	0	0	1	0	-123.879
1.27493	1	0	0	1	0	-123.879
1.27593	1	0	0	1	0	-123.879
1.27693	1	0	0	1	0	-123.879
1.27793	1	0	0	1	0	-123.879
1.27886	1	0	0	1	0	-123.879
1.27886	1	0	1	1	1	-123.879
1.27893	1	0	0	1	0	-123.879
1.27993	1	0	0	1	0	-123.879
1.28093	1	0	0	1	0	-123.879
1.28193	1	0	0	1	0	-123.879
1.28293	1	0	0	1	0	-123.879
1.28393	1	0	0	1	0	-123.879
1.28493	1	0	0	1	0	-123.879
1.28593	1	0	0	1	0	-123.879
1.28693	1	0	0	1	0	-123.879
1.28793	1	0	0	1	0	-123.879
1.28893	1	0	0	1	0	-123.879
1.28993	1	0	0	1	0	-123.879
1.29093	1	0	0	1	0	-123.879
1.29193	1	0	0	1	0	-123.879
1.29293	1	0	0	1	0	-123.879
1.29393	1	0	0	1	0	-123.879
1.29493	1	0	0	1	0	-123.879
1.29593	1	0	0	1	0	-123.879
1.29693	1	0	0	1	0	-123.879
1.29793	1	0	0	1	0	-123.879
1.29893	1	0	0	1	0	-123.879
1.29993	1	0	0	1	0	-123.879
1.30093	1	0	0	1	0	-123.879
1.30193	1	0	0	1	0	-123.879
1.30293	1	0	0	1	0	-123.879
1.30393	1	0	0	1	0	-123.879
1.30493	1	0	0	1	0	-123.879
1.30593	1	0	0	1	0	-123.879
1.30693	1	0	0	1	0	-123.879
1.30793	1	0	0	1	0	-123.879
1.30893	1	0	0	1	0	-123.879
1.30993	1	0	0	1	0	-123.879
1.31093	1	0	0	1	0	-123.879
1.31193	1	0	0	1	0	-123.879
1.31293	1	0	0	1	0	-123.879
1.31393	1	0	0	1	0	-123.879
1.31493	1	0	0	1	0	-123.879
1.31593	1	0	0	1	0	-123.879
1.31693	1	0	0	1	0	-123.879
1.31793	1	0	0	1	0	-123.879
1.31893	1	0	0	1	0	-103.375
1.31993	1	0	0	1	0	-103.375
1.32093	1	0	0	1	0	-103.375
1.32193	1	0	0	1	0	-103.375
1.32293	1	0	0	1	0	-103.375
1.32393	1	0	0	1	0	-103.375
1.32493	1	0	0	1	0	-103.375
1.32593	1	0	0	1	0	-103.375
1.32693	1	0	0	1	0	-103.375
1.32793	1	0	0	1	0	-103.375
1.32893	1	0	0	1	0	-103.375
1.32993	1	0	0	1	0	-103.375
1.33093	1	0	0	1	0	-103.375
1.33193	1	0	0	1	0	-103.375
1.33293	1	0	0	1	0	-103.375
1.33393	1	0	0	1	0	-103.375
1.33493	1	0	0	1	0	-103.375
1.33593	1	0	0	1	0	-103.375
1.33693	1	0	0	1	0	-103.375
1.33793	1	0	0	1	0	-103.375
1.33893	1	0	0	1	0	-103.375
1.33993	1	0	0	1	0	-103.375
1.34093	1	0	0	1	0	-103.375
1.34193	1	0	0	1	0	-103.375
1.34293	1	0	0	1	0	-103.375
1.34393	1	0	0	1	0	-103.375
1.34493	1	0	0	1	0	-103.375
1.34593	1	0	0	1	0	-103.375
1.34693	1	0	0	1	0	-103.375
1.34793	1	0	0	1	0	-103.375
1.34893	1	0	0	1	0	-103.375
1.34993	1	0	0	1	0	-103.375
1.35093	1	0	0	1	0	-103.375
1.35193	1	0	0	1	0	-103.375
1.35293	1	0	0	1	0	-103.375
1.35393	1	0	0	1	0	-103.375
1.35493	1	0	0	1	0	-103.375
1.35593	1	0	0	1	0	-103.375
1.35693	1	0	0	1	0	-103.375
1.35793	1	0	0	1	0	-103.375
1.35886	1	0	0	1	0	-103.375
1.35886	1	0	1	1	1	-103.375
1.35893	1	0	0	1	0	-103.375
1.35993	1	0	0	1	0	-103.375
1.36093	1	0	0	1	0	-103.375
1.36193	1	0	0	1	0	-103.375
1.36293	1	0	0	1	0	-103.375
1.36393	1	0	0	1	0	-103.375
1.36493	1	0	0	1	0	-103.375
1.36593	1	0	0	1	0	-103.375
1.36693	1	0	0	1	0	-103.375
1.36793	1	0	0	1	0	-103.375
1.36893	1	0	0	1	0	-103.375
1.36993	1	0	0	1	0	-103.375
1.37093	1	0	0	1	0	-103.375
1.37193	1	0	0	1	0	-103.375
1.37293	1	0	0	1	0	-103.375
1.37393	1	0	0	1	0	-103.375
1.37493	1	0	0	1	0	-103.375
1.37593	1	0	0	1	0	-103.375
1.37693	1	0	0	1	0	-103.375
1.37793	1	0	0	1	0	-103.375
1.37893	1	0	0	1	0	-103.375
1.37993	1	0	0	1	0	-103.375
1.38093	1	0	0	1	0	-103.375
1.38193	1	0	0	1	0	-103.375
1.38293	1	0	0	1	0	-103.375
1.38393	1	0	0	1	0	-103.375
1.38493	1	0	0	1	0	-103.375
1.38593	1	0	0	1	0	-103.375
1.38693	1	0	0	1	0	-103.375
1.38793	1	0	0	1	0	-103.375
1.38893	1	0	0	1	0	-103.375
1.38993	1	0	0	1	0	-103.375
1.39093	1	0	0	1	0	-103.375
1.39193	1	0	0	1	0	-103.375
1.39293	1	0	0	1	0	-103.375
1.39393	1	0	0	1	0	-103.375
1.39493	1	0	0	1	0	-103.375
1.39593	1	0	0	1	0	-103.375
1.39693	1	0	0	1	0	-103.375
1.39793	1	0	0	1	0	-103.375
1.39893	1	0	0	1	0	-103.375
1.39993	1	0	0	1	0	-103.375
1.40093	1	0	0	1	0	-103.375
1.40193	1	0	0	1	0	-103.375
1.40293	1	0	0	1	0	-103.375
1.40393	1	0	0	1	0	-103.375
1.40493	1	0	0	1	0	-103.375
1.40593	1	0	0	1	0	-103.375
1.40693	1	0	0	1	0	-103.375
1.40793	1	0	0	1	0	-103.375
1.40893	1	0	0	1	0	-103.375
1.40993	1	0	0	1	0	-103.375
1.41093	1	0	0	1	0	-103.375
1.41193	1	0	0	1	0	-103.375
1.41293	1	0	0	1	0	-103.375
1.41393	1	0	0	1	0	-103.375
1.41493	1	0	0	1	0	-103.375
1.41593	1	0	0	1	0	-103.375
1.41693	1	0	0	1	0	-103.375
1.41793	1	0	0	1	0	-103.375
1.41893	1	0	0	1	0	-123.879
1.41993	1	0	0	1	0	-123.879
1.42093	1	0	0	1	0	-123.879
1.42193	1	0	0	1	0	-123.879
1.42293	1	0	0	1	0	-123.879
1.42393	1	0	0	1	0	-123.879
1.42493	1	0	0	1	0	-123.879
1.42593	1	0	0	1	0	-123.879
1.42693	1	0	0	1	0	-123.879
1.42793	1	0	0	1	0	-123.879
1.42893	1	0	0	1	0	-123.879
1.42993	1	0	0	1	0	-123.879
1.43093	1	0	0	1	0	-123.879
1.43193	1	0	0	1	0	-123.879
1.43293	1	0	0	1	0	-123.879
1.43393	1	0	0	1	0	-123.879
1.43493	1	0	0	1	0	-123.879
1.43593	1	0	0	1	0	-123.879
1.43693	1	0	0	1	0	-123.879
1.43793	1	0	0	1	0	-123.879
1.43886	1	0	0	1	0	-123.879
1.43886	1	0	1	1	1	-123.879
1.43893	1	0	0	1	0	-123.879
1.43993	1	0	0	1	0	-123.879
1.44093	1	0	0	1	0	-123.879
1.44193	1	0	0	1	0	-123.879
1.44293	1	0	0	1	0	-123.879
1.44393	1	0	0	1	0	-123.879
1.44493	1	0	0	1	0	-123.879
1.44593	1	0	0	1	0	-123.879
1.44693	1	0	0	1	0	-123.879
1.44793	1	0	0	1	0	-123.879
1.44893	1	0	0	1	0	-123.879
1.44993	1	0	0	1	0	-123.879
1.45093	1	0	0	1	0	-123.879
1.45193	1	0	0	1	0	-123.879
1.45293	1	0	0	1	0	-123.879
1.45393	1	0	0	1	0	-123.879
1.45493	1	0	0	1	0	-123.879
1.45593	1	0	0	1	0	-123.879
1.45693	1	0	0	1	0	-123.879
1.45793	1	0	0	1	0	-123.879
1.45893	1	0	0	1	0	-123.879
1.45993	1	0	0	1	0	-123.879
1.46093	1	0	0	1	0	-123.879
1.46193	1	0	0	1	0	-123.879
1.46293	1	0	0	1	0	-123.879
1.46393	1	0	0	1	0	-123.879
1.46493	1	0	0	1	0	-123.879
1.46593	1	0	0	1	0	-123.879
1.46693	1	0	0	1	0	-123.879
1.46793	1	0	0	1	0	-123.879
1.46893	1	0	0	1	0	-123.879
1.46993	1	0	0	1	0	-123.879
1.47093	1	0	0	1	0	-123.879
1.47193	1	0	0	1	0	-123.879
1.47293	1	0	0	1	0	-123.879
1.47393	1	0	0	1	0	-123.879
1.47493	1	0	0	1	0	-123.879
1.47593	1	0	0	1	0	-123.879
1.47693	1	0	0	1	0	-123.879
1.47793	1	0	0	1	0	-123.879
1.47893	1	0	0	1	0	-123.879
1.47993	1	0	0	1	0	-123.879
1.48093	1	0	0	1	0	-123.879
1.48193	1	0	0	1	0	-123.879
1.48293	1	0	0	1	0	-123.879
1.48393	1	0	0	1	0	-123.879
1.48493	1	0	0	1	0	-123.879
1.48593	1	0	0	1	0	-123.879
1.48693	1	0	0	1	0	-123.879
1.48793	1	0	0	1	0	-123.879
1.48893	1	0	0	1	0	-123.879
1.48993	1	0	0	1	0	-123.879
1.49093	1	0	0	1	0	-123.879
1.49193	1	0	0	1	0	-123.879
1.49293	1	0	0	1	0	-123.879
1.49393	1	0	0	1	0	-123.879
1.49493	1	0	0	1	0	-123.879
1.49593	1	0	0	1	0	-123.879
1.49693	1	0	0	1	0	-123.879
1.49793	1	0	0	1	0	-123.879
1.49893	1	0	0	1	0	-123.879
1.49993	1	0	0	1	0	-123.879
1.50093	1	0	0	1	0	-123.879
1.50193	1	0	0	1	0	-123.879
1.50293	1	0	0	1	0	-123.879
1.50393	1	0	0	1	0	-123.879
1.50493	1	0	0	1	0	-123.879
1.50593	1	0	0	1	0	-123.879
1.50693	1	0	0	1	0	-123.879
1.50793	1	0	0	1	0	-123.879
1.50893	1	0	0	1	0	-123.879
1.50993	1	0	0	1	0	-123.879
1.51093	1	0	0	1	0	-123.879
1.51193	1	0	0	1	0	-123.879
1.51293	1	0	0	1	0	-123.879
1.51393	1	0	0	1	0	-123.879
1.51493	1	0	0	1	0	-123.879
1.51593	1	0	0	1	0	-123.879
1.51693	1	0	0	1	0	-123.879
1.51793	1	0	0	1	0	-123.879
1.51886	1	0	0	1	0	-123.879
1.51886	1	0	1	1	1	-123.879
1.51893	1	0	0	1	0	-123.879
1.51993	1	0	0	1	0	-123.879
1.52093	1	0	0	1	0	-123.879
1.52193	1	0	0	1	0	-123.879
1.52293	1	0	0	1	0	-123.879
1.52393	1	0	0	1	0	-123.879
1.52493	1	0	0	1	0	-123.879
1.52593	1	0	0	1	0	-123.879
1.52693	1	0	0	1	0	-123.879
1.52793	1	0	0	1	0	-123.879
1.52893	1	0	0	1	0	-123.879
1.52993	1	0	0	1	0	-123.879
1.53093	1	0	0	1	0	-123.879
1.53193	1	0	0	1	0	-123.879
1.53293	1	0	0	1	0	-123.879
1.53393	1	0	0	1	0	-123.879
1.53493	1	0	0	1	0	-123.879
1.53593	1	0	0	1	0	-123.879
1.53693	1	0	0	1	0	-123.879
1.53793	1	0	0	1	0	-123.879
1.53893	1	0	0	1	0	-123.879
1.53993	1	0	0	1	0	-123.879
1.54093	1	0	0	1	0	-123.879
1.54193	1	0	0	1	0	-123.879
1.54293	1	0	0	1	0	-123.879
1.54393	1	0	0	1	0	-123.879
1.54493	1	0	0	1	0	-123.879
1.54593	1	0	0	1	0	-123.879
1.54693	1	0	0	1	0	-123.879
1.54793	1	0	0	1	0	-123.879
1.54893	1	0	0	1	0	-123.879
1.54993	1	0	0	1	0	-123.879
1.55093	1	0	0	1	0	-123.879
1.55193	1	0	0	1	0	-123.879
1.55293	1	0	0	1	0	-123.879
1.55393	1	0	0	1	0	-123.879
1.55493	1	0	0	1	0	-123.879
1.55593	1	0	0	1	0	-123.879
1.55693	1	0	0	1	0	-123.879
1.55793	1	0	0	1	0	-123.879
1.55893	1	0	0	1	0	-123.879
1.55993	1	0	0	1	0	-123.879
1.56093	1	0	0	1	0	-123.879
1.56193	1	0	0	1	0	-123.879
1.56293	1	0	0	1	0	-123.879
1.56393	1	0	0	1	0	-123.879
1.56493	1	0	0	1	0	-123.879
1.56593	1	0	0	1	0	-123.879
1.56693	1	0	0	1	0	-123.879
1.56793	1	0	0	1	0	-123.879
1.56893	1	0	0	1	0	-123.879
1.56993	1	0	0	1	0	-123.879
1.57093	1	0	0	1	0	-123.879
1.57193	1	0	0	1	0	-123.879
1.57293	1	0	0	1	0	-123.879
1.57393	1	0	0	1	0	-123.879
1.57493	1	0	0	1	0	-123.879
1.57593	1	0	0	1	0	-123.879
1.57693	1	0	0	1	0	-123.879
1.57793	1	0	0	1	0	-123.879
1.57893	1	0	0	1	0	-123.879
1.57993	1	0	0	1	0	-123.879
1.58093	1	0	0	1	0	-123.879
1.58193	1	0	0	1	0	-123.879
1.58293	1	0	0	1	0	-123.879
1.58393	1	0	0	1	0	-123.879
1.58493	1	0	0	1	0	-123.879
1.58593	1	0	0	1	0	-123.879
1.58693	1	0	0	1	0	-123.879
1.58793	1	0	0	1	0	-123.879
1.58893	1	0	0	1	0	-123.879
1.58993	1	0	0	1	0	-123.879
1.59093	1	0	0	1	0	-123.879
1.59193	1	0	0	1	0	-123.879
1.59293	1	0	0	1	0	-123.879
1.59393	1	0	0	1	0	-123.879
1.59493	1	0	0	1	0	-123.879
1.59593	1	0	0	1	0	-123.879
1.59693	1	0	0	1	0	-123.879
1.59793	1	0	0	1	0	-123.879
1.59886	1	0	0	1	0	-123.879
1.59886	1	0	1	1	1	-123.879
1.59893	1	0	0	1	0	-123.879
1.59993	1	0	0	1	0	-123.879
1.60093	1	0	0	1	0	-123.879
1.60193	1	0	0	1	0	-123.879
1.60293	1	0	0	1	0	-123.879
1.60393	1	0	0	1	0	-123.879
1.60493	1	0	0	1	0	-123.879
1.60593	1	0	0	1	0	-123.879
1.60693	1	0	0	1	0	-123.879
1.60793	1	0	0	1	0	-123.879
1.60893	1	0	0	1	0	-123.879
1.60993	1	0	0	1	0	-123.879
1.61093	1	0	0	1	0	-123.879
1.61193	1	0	0	1	0	-123.879
1.61293	1	0	0	1	0	-123.879
1.61393	1	0	0	1	0	-123.879
1.61493	1	0	0	1	0	-123.879
1.61593	1	0	0	1	0	-123.879
1.61693	1	0	0	1	0	-123.879
1.61793	1	0	0	1	0	-123.879
1.61893	1	0	0	1	0	-123.879
1.61993	1	0	0	1	0	-123.879
1.62093	1	0	0	1	0	-123.879
1.62193	1	0	0	1	0	-123.879
1.62293	1	0	0	1	0	-123.879
1.62393	1	0	0	1	0	-123.879
1.62493	1	0	0	1	0	-123.879
1.62593	1	0	0	1	0	-123.879
1.62693	1	0	0	1	0	-123.879
1.62793	1	0	0	1	0	-123.879
1.62893	1	0	0	1	0	-123.879
1.62993	1	0	0	1	0	-123.879
1.63093	1	0	0	1	0	-123.879
1.63193	1	0	0	1	0	-123.879
1.63293	1	0	0	1	0	-123.879
1.63393	1	0	0	1	0	-123.879
1.63493	1	0	0	1	0	-123.879
1.63593	1	0	0	1	0	-123.879
1.63693	1	0	0	1	0	-123.879
1.63793	1	0	0	1	0	-123.879
1.63893	1	0	0	1	0	-123.879
1.63993	1	0	0	1	0	-123.879
1.64093	1	0	0	1	0	-123.879
1.64193	1	0	0	1	0	-123.879
1.64293	1	0	0	1	0	-123.879
1.64393	1	0	0	1	0	-123.879
1.64493	1	0	0	1	0	-123.879
1.64593	1	0	0	1	0	-123.879
1.64693	1	0	0	1	0	-123.879
1.64793	1	0	0	1	0	-123.879
1.64893	1	0	0	1	0	-123.879
1.64993	1	0	0	1	0	-123.879
1.65093	1	0	0	1	0	-123.879
1.65193	1	0	0	1	0	-123.879
1.65293	1	0	0	1	0	-123.879
1.65393	1	0	0	1	0	-123.879
1.65493	1	0	0	1	0	-123.879
1.65593	1	0	0	1	0	-123.879
1.65693	1	0	0	1	0	-123.879
1.65793	1	0	0	1	0	-123.879
1.65893	1	0	0	1	0	-123.879
1.65993	1	0	0	1	0	-123.879
1.66093	1	0	0	1	0	-123.879
1.66193	1	0	0	1	0	-123.879
1.66293	1	0	0	1	0	-123.879
1.66393	1	0	0	1	0	-123.879
1.66493	1	0	0	1	0	-123.879
1.66593	1	0	0	1	0	-123.879
1.66693	1	0	0	1	0	-123.879
1.66793	1	0	0	1	0	-123.879
1.66893	1	0	0	1	0	-123.879
1.66993	1	0	0	1	0	-123.879
1.67093	1	0	0	1	0	-123.879
1.67193	1	0	0	1	0	-123.879
1.67293	1	0	0	1	0	-123.879
1.67393	1	0	0	1	0	-123.879
1.67493	1	0	0	1	0	-123.879
1.67593	1	0	0	1	0	-123.879
1.67693	1	0	0	1	0	-123.879
1.67793	1	0	0	1	0	-123.879
1.67886	1	0	0	1	0	-123.879
1.67886	1	0	1	1	1	-123.879
1.67893	1	0	0	1	0	-123.879
1.67993	1	0	0	1	0	-123.879
1.68093	1	0	0	1	0	-123.879
1.68193	1	0	0	1	0	-123.879
1.68293	1	0	0	1	0	-123.879
1.68393	1	0	0	1	0	-123.879
1.68493	1	0	0	1	0	-123.879
1.68593	1	0	0	1	0	-123.879
1.68693	1	0	0	1	0	-123.879
1.68793	1	0	0	1	0	-123.879
1.68893	1	0	0	1	0	-123.879
1.68993	1	0	0	1	0	-123.879
1.69093	1	0	0	1	0	-123.879
1.69193	1	0	0	1	0	-123.879
1.69293	1	0	0	1	0	-123.879
1.69393	1	0	0	1	0	-123.879
1.69493	1	0	0	1	0	-123.879
1.69593	1	0	0	1	0	-123.879
1.69693	1	0	0	1	0	-123.879
1.69793	1	0	0	1	0	-123.879
1.69893	1	0	0	1	0	-123.879
1.69993	1	0	0	1	0	-123.879
1.70093	1	0	0	1	0	-123.879
1.70193	1	0	0	1	0	-123.879
1.70293	1	0	0	1	0	-123.879
1.70393	1	0	0	1	0	-123.879
1.70493	1	0	0	1	0	-123.879
1.70593	1	0	0	1	0	-123.879
1.70693	1	0	0	1	0	-123.879
1.70793	1	0	0	1	0	-123.879
1.70893	1	0	0	1	0	-123.879
1.70993	1	0	0	1	0	-123.879
1.71093	1	0	0	1	0	-123.879
1.71193	1	0	0	1	0	-123.879
1.71293	1	0	0	1	0	-123.879
1.71393	1	0	0	1	0	-123.879
1.71493	1	0	0	1	0	-123.879
1.71593	1	0	0	1	0	-123.879
1.71693	1	0	0	1	0	-123.879
1.71793	1	0	0	1	0	-123.879
1.71893	1	0	0	1	0	-123.879
1.71993	1	0	0	1	0	-123.879
1.72093	1	0	0	1	0	-123.879
1.72193	1	0	0	1	0	-123.879
1.72293	1	0	0	1	0	-123.879
1.72393	1	0	0	1	0	-123.879
1.72493	1	0	0	1	0	-123.879
1.72593	1	0	0	1	0	-123.879
1.72693	1	0	0	1	0	-123.879
1.72793	1	0	0	1	0	-123.879
1.72893	1	0	0	1	0	-123.879
1.72993	1	0	0	1	0	-123.879
1.73093	1	0	0	1	0	-123.879
1.73193	1	0	0	1	0	-123.879
1.73293	1	0	0	1	0	-123.879
1.73393	1	0	0	1	0	-123.879
1.73493	1	0	0	1	0	-123.879
1.73593	1	0	0	1	0	-123.879
1.73693	1	0	0	1	0	-123.879
1.73793	1	0	0	1	0	-123.879
1.73893	1	0	0	1	0	-123.879
1.73993	1	0	0	1	0	-123.879
1.74093	1	0	0	1	0	-123.879
1.74193	1	0	0	1	0	-123.879
1.74293	1	0	0	1	0	-123.879
1.74393	1	0	0	1	0	-123.879
1.74493	1	0	0	1	0	-123.879
1.74593	1	0	0	1	0	-123.879
1.74693	1	0	0	1	0	-123.879
1.74793	1	0	0	1	0	-123.879
1.74893	1	0	0	1	0	-123.879
1.74993	1	0	0	1	0	-123.879
1.75093	1	0	0	1	0	-123.879
1.75193	1	0	0	1	0	-123.879
1.75293	1	0	0	1	0	-123.879
1.75393	1	0	0	1	0	-123.879
1.75493	1	0	0	1	0	-123.879
1.75593	1	0	0	1	0	-123.879
1.75693	1	0	0	1	0	-123.879
1.75793	1	0	0	1	0	-123.879
1.75886	1	0	0	1	0	-123.879
1.75886	1	0	1	1	1	-123.879
1.75893	1	0	0	1	0	-123.879
1.75993	1	0	0	1	0	-123.879
1.76093	1	0	0	1	0	-123.879
1.76193	1	0	0	1	0	-123.879
1.76293	1	0	0	1	0	-123.879
1.76393	1	0	0	1	0	-123.879
1.76493	1	0	0	1	0	-123.879
1.76593	1	0	0	1	0	-123.879
1.76693	1	0	0	1	0	-123.879
1.76793	1	0	0	1	0	-123.879
1.76893	1	0	0	1	0	-123.879
1.76993	1	0	0	1	0	-123.879
1.77093	1	0	0	1	0	-123.879
1.77193	1	0	0	1	0	-123.879
1.77293	1	0	0	1	0	-123.879
1.77393	1	0	0	1	0	-123.879
1.77493	1	0	0	1	0	-123.879
1.77593	1	0	0	1	0	-123.879
1.77693	1	0	0	1	0	-123.879
1.77793	1	0	0	1	0	-123.879
1.77893	1	0	0	1	0	-123.879
1.77993	1	0	0	1	0	-123.879
1.78093	1	0	0	1	0	-123.879
1.78193	1	0	0	1	0	-123.879
1.78293	1	0	0	1	0	-123.879
1.78393	1	0	0	1	0	-123.879
1.78493	1	0	0	1	0	-123.879
1.78593	1	0	0	1	0	-123.879
1.78693	1	0	0	1	0	-123.879
1.78793	1	0	0	1	0	-123.879
1.78893	1	0	0	1	0	-123.879
1.78993	1	0	0	1	0	-123.879
1.79093	1	0	0	1	0	-123.879
1.79193	1	0	0	1	0	-123.879
1.79293	1	0	0	1	0	-123.879
1.79393	1	0	0	1	0	-123.879
1.79493	1	0	0	1	0	-123.879
1.79593	1	0	0	1	0	-123.879
1.79693	1	0	0	1	0	-123.879
1.79793	1	0	0	1	0	-123.879
1.79893	1	0	0	1	0	-123.879
1.79993	1	0	0	1	0	-123.879
1.80093	1	0	0	1	0	-123.879
1.80193	1	0	0	1	0	-123.879
1.80293	1	0	0	1	0	-123.879
1.80393	1	0	0	1	0	-123.879
1.80493	1	0	0	1	0	-123.879
1.80593	1	0	0	1	0	-123.879
1.80693	1	0	0	1	0	-123.879
1.80793	1	0	0	1	0	-123.879
1.80893	1	0	0	1	0	-123.879
1.80993	1	0	0	1	0	-123.879
1.81093	1	0	0	1	0	-123.879
1.81193	1	0	0	1	0	-123.879
1.81293	1	0	0	1	0	-123.879
1.81393	1	0	0	1	0	-123.879
1.81493	1	0	0	1	0	-123.879
1.81593	1	0	0	1	0	-123.879
1.81693	1	0	0	1	0	-123.879
1.81793	1	0	0	1	0	-123.879
1.81893	1	0	0	1	0	-123.879
1.81993	1	0	0	1	0	-123.879
1.82093	1	0	0	1	0	-103.375
1.82193	1	0	0	1	0	-103.375
1.82293	1	0	0	1	0	-103.375
1.82393	1	0	0	1	0	-103.375
1.82493	1	0	0	1	0	-103.375
1.82593	1	0	0	1	0	-103.375
1.82693	1	0	0	1	0	-103.375
1.82793	1	0	0	1	0	-103.375
1.82893	1	0	0	1	0	-103.375
1.82993	1	0	0	1	0	-103.375
1.83093	1	0	0	1	0	-103.375
1.83193	1	0	0	1	0	-103.375
1.83293	1	0	0	1	0	-103.375
1.83393	1	0	0	1	0	-103.375
1.83493	1	0	0	1	0	-103.375
1.83593	1	0	0	1	0	-103.375
1.83693	1	0	0	1	0	-103.375
1.83793	1	0	0	1	0	-103.375
1.83886	1	0	0	1	0	-103.375
1.83886	1	0	1	1	1	-103.375
1.83893	1	0	0	1	0	-103.375
1.83993	1	0	0	1	0	-103.375
1.84093	1	0	0	1	0	-103.375
1.84193	1	0	0	1	0	-103.375
1.84293	1	0	0	1	0	-103.375
1.84393	1	0	0	1	0	-103.375
1.84493	1	0	0	1	0	-103.375
1.84593	1	0	0	1	0	-103.375
1.84693	1	0	0	1	0	-103.375
1.84793	1	0	0	1	0	-103.375
1.84893	1	0	0	1	0	-103.375
1.84993	1	0	0	1	0	-103.375
1.85093	1	0	0	1	0	-103.375
1.85193	1	0	0	1	0	-103.375
1.85293	1	0	0	1	0	-103.375
1.85393	1	0	0	1	0	-103.375
1.85493	1	0	0	1	0	-103.375
1.85593	1	0	0	1	0	-103.375
1.85693	1	0	0	1	0	-103.375
1.85793	1	0	0	1	0	-103.375
1.85893	1	0	0	1	0	-103.375
1.85993	1	0	0	1	0	-103.375
1.86093	1	0	0	1	0	-103.375
1.86193	1	0	0	1	0	-103.375
1.86293	1	0	0	1	0	-103.375
1.86393	1	0	0	1	0	-103.375
1.86493	1	0	0	1	0	-103.375
1.86593	1	0	0	1	0	-103.375
1.86693	1	0	0	1	0	-103.375
1.86793	1	0	0	1	0	-103.375
1.86893	1	0	0	1	0	-103.375
1.86993	1	0	0	1	0	-103.375
1.87093	1	0	0	1	0	-103.375
1.87193	1	0	0	1	0	-103.375
1.87293	1	0	0	1	0	-103.375
1.87393	1	0	0	1	0	-103.375
1.87493	1	0	0	1	0	-103.375
1.87593	1	0	0	1	0	-103.375
1.87693	1	0	0	1	0	-103.375
1.87793	1	0	0	1	0	-103.375
1.87893	1	0	0	1	0	-103.375
1.87993	1	0	0	1	0	-103.375
1.88093	1	0	0	1	0	-103.375
1.88193	1	0	0	1	0	-103.375
1.88293	1	0	0	1	0	-103.375
1.88393	1	0	0	1	0	-103.375
1.88493	1	0	0	1	0	-103.375
1.88593	1	0	0	1	0	-103.375
1.88693	1	0	0	1	0	-103.375
1.88793	1	0	0	1	0	-103.375
1.88893	1	0	0	1	0	-103.375
1.88993	1	0	0	1	0	-103.375
1.89093	1	0	0	1	0	-103.375
1.89193	1	0	0	1	0	-103.375
1.89293	1	0	0	1	0	-103.375
1.89393	1	0	0	1	0	-103.375
1.89493	1	0	0	1	0	-103.375
1.89593	1	0	0	1	0	-103.375
1.89693	1	0	0	1	0	-103.375
1.89793	1	0	0	1	0	-103.375
1.89893	1	0	0	1	0	-103.375
1.89993	1	0	0	1	0	-103.375
1.90093	1	0	0	1	0	-103.375
1.90193	1	0	0	1	0	-103.375
1.90293	1	0	0	1	0	-103.375
1.90393	1	0	0	1	0	-103.375
1.90493	1	0	0	1	0	-103.375
1.90593	1	0	0	1	0	-103.375
1.90693	1	0	0	1	0	-103.375
1.90793	1	0	0	1	0	-103.375
1.90893	1	0	0	1	0	-103.375
1.90993	1	0	0	1	0	-103.375
1.91093	1	0	0	1	0	-103.375
1.91193	1	0	0	1	0	-103.375
1.91293	1	0	0	1	0	-103.375
1.91393	1	0	0	1	0	-103.375
1.91493	1	0	0	1	0	-103.375
1.91593	1	0	0	1	0	-103.375
1.91693	1	0	0	1	0	-103.375
1.91793	1	0	0	1	0	-103.375
1.91886	1	0	0	1	0	-103.375
1.91886	1	0	1	1	1	-103.375
1.91893	1	0	0	1	0	-103.375
1.91993	1	0	0	1	0	-103.375
1.92093	1	0	0	1	0	-123.879
1.92193	1	0	0	1	0	-123.879
1.92293	1	0	0	1	0	-123.879
1.92393	1	0	0	1	0	-123.879
1.92493	1	0	0	1	0	-123.879
1.92593	1	0	0	1	0	-123.879
1.92693	1	0	0	1	0	-123.879
1.92793	1	0	0	1	0	-123.879
1.92893	1	0	0	1	0	-123.879
1.92993	1	0	0	1	0	-123.879
1.93093	1	0	0	1	0	-123.879
1.93193	1	0	0	1	0	-123.879
1.93293	1	0	0	1	0	-123.879
1.93393	1	0	0	1	0	-123.879
1.93493	1	0	0	1	0	-123.879
1.93593	1	0	0	1	0	-123.879
1.93693	1	0	0	1	0	-123.879
1.93793	1	0	0	1	0	-123.879
1.93893	1	0	0	1	0	-123.879
1.93993	1	0	0	1	0	-123.879
1.94093	1	0	0	1	0	-123.879
1.94193	1	0	0	1	0	-123.879
1.94293	1	0	0	1	0	-123.879
1.94393	1	0	0	1	0	-123.879
1.94493	1	0	0	1	0	-123.879
1.94593	1	0	0	1	0	-123.879
1.94693	1	0	0	1	0	-123.879
1.94793	1	0	0	1	0	-123.879
1.94893	1	0	0	1	0	-123.879
1.94993	1	0	0	1	0	-123.879
1.95093	1	0	0	1	0	-123.879
1.95193	1	0	0	1	0	-123.879
1.95293	1	0	0	1	0	-123.879
1.95393	1	0	0	1	0	-123.879
1.95493	1	0	0	1	0	-123.879
1.95593	1	0	0	1	0	-123.879
1.95693	1	0	0	1	0	-123.879
1.95793	1	0	0	1	0	-123.879
1.95893	1	0	0	1	0	-123.879
1.95993	1	0	0	1	0	-123.879
1.96093	1	0	0	1	0	-123.879
1.96193	1	0	0	1	0	-123.879
1.96293	1	0	0	1	0	-123.879
1.96393	1	0	0	1	0	-123.879
1.96493	1	0	0	1	0	-123.879
1.96593	1	0	0	1	0	-123.879
1.96693	1	0	0	1	0	-123.879
1.96793	1	0	0	1	0	-123.879
1.96893	1	0	0	1	0	-123.879
1.96993	1	0	0	1	0	-123.879
1.97093	1	0	0	1	0	-123.879
1.97193	1	0	0	1	0	-123.879
1.97293	1	0	0	1	0	-123.879
1.97393	1	0	0	1	0	-123.879
1.97493	1	0	0	1	0	-123.879
1.97593	1	0	0	1	0	-123.879
1.97693	1	0	0	1	0	-123.879
1.97793	1	0	0	1	0	-123.879
1.97893	1	0	0	1	0	-123.879
1.97993	1	0	0	1	0	-123.879
1.98093	1	0	0	1	0	-123.879
1.98193	1	0	0	1	0	-123.879
1.98293	1	0	0	1	0	-123.879
1.98393	1	0	0	1	0	-123.879
1.98493	1	0	0	1	0	-123.879
1.98593	1	0	0	1	0	-123.879
1.98693	1	0	0	1	0	-123.879
1.98793	1	0	0	1	0	-123.879
1.98893	1	0	0	1	0	-123.879
1.98993	1	0	0	1	0	-123.879
1.99093	1	0	0	1	0	-123.879
1.99193	1	0	0	1	0	-123.879
1.99293	1	0	0	1	0	-123.879
1.99393	1	0	0	1	0	-123.879
1.99493	1	0	0	1	0	-123.879
1.99593	1	0	0	1	0	-123.879
1.99693	1	0	0	1	0	-123.879
1.99793	1	0	0	1	0	-123.879
1.99886	1	0	0	1	0	-123.879
1.99886	1	0	1	1	1	-123.879
1.99893	1	0	0	1	0	-123.879
1.99993	1	0	0	1	0	-123.879
2.00093	1	0	0	1	0	-123.879
2.00193	1	0	0	1	0	-123.879
2.00293	1	0	0	1	0	-123.879
2.00393	1	0	0	1	0	-123.879
2.00493	1	0	0	1	0	-123.879
2.00593	1	0	0	1	0	-123.879
2.00693	1	0	0	1	0	-123.879
2.00793	1	0	0	1	0	-123.879
2.00893	1	0	0	1	0	-123.879
2.00993	1	0	0	1	0	-123.879
2.01093	1	0	0	1	0	-123.879
2.01193	1	0	0	1	0	-123.879
2.01293	1	0	0	1	0	-123.879
2.01393	1	0	0	1	0	-123.879
2.01493	1	0	0	1	0	-123.879
2.01593	1	0	0	1	0	-123.879
2.01693	1	0	0	1	0	-123.879
2.01793	1	0	0	1	0	-123.879
2.01893	1	0	0	1	0	-123.879
2.01993	1	0	0	1	0	-123.879
2.02093	1	0	0	1	0	-123.879
2.02193	1	0	0	1	0	-123.879
2.02293	1	0	0	1	0	-123.879
2.02393	1	0	0	1	0	-123.879
2.02493	1	0	0	1	0	-123.879
2.02593	1	0	0	1	0	-123.879
2.02693	1	0	0	1	0	-123.879
2.02793	1	0	0	1	0	-123.879
2.02893	1	0	0	1	0	-123.879
2.02993	1	0	0	1	0	-123.879
2.03093	1	0	0	1	0	-123.879
2.03193	1	0	0	1	0	-123.879
2.03293	1	0	0	1	0	-123.879
2.03393	1	0	0	1	0	-123.879
2.03493	1	0	0	1	0	-123.879
2.03593	1	0	0	1	0	-123.879
2.03693	1	0	0	1	0	-123.879
2.03793	1	0	0	1	0	-123.879
2.03893	1	0	0	1	0	-123.879
2.03993	1	0	0	1	0	-123.879
2.04093	1	0	0	1	0	-123.879
2.04193	1	0	0	1	0	-123.879
2.04293	1	0	0	1	0	-123.879
2.04393	1	0	0	1	0	-123.879
2.04493	1	0	0	1	0	-123.879
2.04593	1	0	0	1	0	-123.879
2.04693	1	0	0	1	0	-123.879
2.04793	1	0	0	1	0	-123.879
2.04893	1	0	0	1	0	-123.879
2.04993	1	0	0	1	0	-123.879
2.05093	1	0	0	1	0	-123.879
2.05193	1	0	0	1	0	-123.879
2.05293	1	0	0	1	0	-123.879
2.05393	1	0	0	1	0	-123.879
2.05493	1	0	0	1	0	-123.879
2.05593	1	0	0	1	0	-123.879
2.05693	1	0	0	1	0	-123.879
2.05793	1	0	0	1	0	-123.879
2.05893	1	0	0	1	0	-123.879
2.05993	1	0	0	1	0	-123.879
2.06093	1	0	0	1	0	-123.879
2.06193	1	0	0	1	0	-123.879
2.06293	1	0	0	1	0	-123.879
2.06393	1	0	0	1	0	-123.879
2.06493	1	0	0	1	0	-123.879
2.06593	1	0	0	1	0	-123.879
2.06693	1	0	0	1	0	-123.879
2.06793	1	0	0	1	0	-123.879
2.06893	1	0	0	1	0	-123.879
2.06993	1	0	0	1	0	-123.879
2.07093	1	0	0	1	0	-123.879
2.07193	1	0	0	1	0	-123.879
2.07293	1	0	0	1	0	-123.879
2.07393	1	0	0	1	0	-123.879
2.07493	1	0	0	1	0	-123.879
2.07593	1	0	0	1	0	-123.879
2.07693	1	0	0	1	0	-123.879
2.07793	1	0	0	1	0	-123.879
2.07886	1	0	0	1	0	-123.879
2.07886	1	0	1	1	1	-123.879
2.07893	1	0	0	1	0	-123.879
2.07993	1	0	0	1	0	-123.879
2.08093	1	0	0	1	0	-123.879
2.08193	1	0	0	1	0	-123.879
2.08293	1	0	0	1	0	-123.879
2.08393	1	0	0	1	0	-123.879
2.08493	1	0	0	1	0	-123.879
2.08593	1	0	0	1	0	-123.879
2.08693	1	0	0	1	0	-123.879
2.08793	1	0	0	1	0	-123.879
2.08893	1	0	0	1	0	-123.879
2.08993	1	0	0	1	0	-123.879
2.09093	1	0	0	1	0	-123.879
2.09193	1	0	0	1	0	-123.879
2.09293	1	0	0	1	0	-123.879
2.09393	1	0	0	1	0	-123.879
2.09493	1	0	0	1	0	-123.879
2.09593	1	0	0	1	0	-123.879
2.09693	1	0	0	1	0	-123.879
2.09793	1	0	0	1	0	-123.879
2.09893	1	0	0	1	0	-123.879
2.09993	1	0	0	1	0	-123.879
2.10093	1	0	0	1	0	-123.879
2.10193	1	0	0	1	0	-123.879
2.10293	1	0	0	1	0	-123.879
2.10393	1	0	0	1	0	-123.879
2.10493	1	0	0	1	0	-123.879
2.10593	1	0	0	1	0	-123.879
2.10693	1	0	0	1	0	-123.879
2.10793	1	0	0	1	0	-123.879
2.10893	1	0	0	1	0	-123.879
2.10993	1	0	0	1	0	-123.879
2.11093	1	0	0	1	0	-123.879
2.11193	1	0	0	1	0	-123.879
2.11293	1	0	0	1	0	-123.879
2.11393	1	0	0	1	0	-123.879
2.11493	1	0	0	1	0	-123.879
2.11593	1	0	0	1	0	-123.879
2.11693	1	0	0	1	0	-123.879
2.11793	1	0	0	1	0	-123.879
2.11893	1	0	0	1	0	-123.879
2.11993	1	0	0	1	0	-123.879
2.12093	1	0	0	1	0	-123.879
2.12193	1	0	0	1	0	-123.879
2.12293	1	0	0	1	0	-123.879
2.12393	1	0	0	1	0	-123.879
2.12493	1	0	0	1	0	-123.879
2.12593	1	0	0	1	0	-123.879
2.12693	1	0	0	1	0	-123.879
2.12793	1	0	0	1	0	-123.879
2.12893	1	0	0	1	0	-123.879
2.12993	1	0	0	1	0	-123.879
2.13093	1	0	0	1	0	-123.879
2.13193	1	0	0	1	0	-123.879
2.13293	1	0	0	1	0	-123.879
2.13393	1	0	0	1	0	-123.879
2.13493	1	0	0	1	0	-123.879
2.13593	1	0	0	1	0	-123.879
2.13693	1	0	0	1	0	-123.879
2.13793	1	0	0	1	0	-123.879
2.13893	1	0	0	1	0	-123.879
2.13993	1	0	0	1	0	-123.879
2.14093	1	0	0	1	0	-123.879
2.14193	1	0	0	1	0	-123.879
2.14293	1	0	0	1	0	-123.879
2.14393	1	0	0	1	0	-123.879
2.14493	1	0	0	1	0	-123.879
2.14593	1	0	0	1	0	-123.879
2.14693	1	0	0	1	0	-123.879
2.14793	1	0	0	1	0	-123.879
2.14893	1	0	0	1	0	-123.879
2.14993	1	0	0	1	0	-123.879
2.15093	1	0	0	1	0	-123.879
2.15193	1	0	0	1	0	-123.879
2.15293	1	0	0	1	0	-123.879
2.15393	1	0	0	1	0	-123.879
2.15493	1	0	0	1	0	-123.879
2.15593	1	0	0	1	0	-123.879
2.15693	1	0	0	1	0	-123.879
2.15793	1	0	0	1	0	-123.879
2.15886	1	0	0	1	0	-123.879
2.15886	1	0	1	1	1	-123.879
2.15893	1	0	0	1	0	-123.879
2.15993	1	0	0	1	0	-123.879
2.16093	1	0	0	1	0	-123.879
2.16193	1	0	0	1	0	-123.879
2.16293	1	0	0	1	0	-123.879
2.16393	1	0	0	1	0	-123.879
2.16493	1	0	0	1	0	-123.879
2.16593	1	0	0	1	0	-123.879
2.16693	1	0	0	1	0	-123.879
2.16793	1	0	0	1	0	-123.879
2.16893	1	0	0	1	0	-123.879
2.16993	1	0	0	1	0	-123.879
2.17093	1	0	0	1	0	-123.879
2.17193	1	0	0	1	0	-123.879
2.17293	1	0	0	1	0	-123.879
2.17393	1	0	0	1	0	-123.879
2.17493	1	0	0	1	0	-123.879
2.17593	1	0	0	1	0	-123.879
2.17693	1	0	0	1	0	-123.879
2.17793	1	0	0	1	0	-123.879
2.17893	1	0	0	1	0	-123.879
2.17993	1	0	0	1	0	-123.879
2.18093	1	0	0	1	0	-123.879
2.18193	1	0	0	1	0	-123.879
2.18293	1	0	0	1	0	-123.879
2.18393	1	0	0	1	0	-123.879
2.18493	1	0	0	1	0	-123.879
2.18593	1	0	0	1	0	-123.879
2.18693	1	0	0	1	0	-123.879
2.18793	1	0	0	1	0	-123.879
2.18893	1	0	0	1	0	-123.879
2.18993	1	0	0	1	0	-123.879
2.19093	1	0	0	1	0	-123.879
2.19193	1	0	0	1	0	-123.879
2.19293	1	0	0	1	0	-123.879
2.19393	1	0	0	1	0	-123.879
2.19493	1	0	0	1	0	-123.879
2.19593	1	0	0	1	0	-123.879
2.19693	1	0	0	1	0	-123.879
2.19793	1	0	0	1	0	-123.879
2.19893	1	0	0	1	0	-123.879
2.19993	1	0	0	1	0	-123.879
2.20093	1	0	0	1	0	-123.879
2.20193	1	0	0	1	0	-123.879
2.20293	1	0	0	1	0	-123.879
2.20393	1	0	0	1	0	-123.879
2.20493	1	0	0	1	0	-123.879
2.20593	1	0	0	1	0	-123.879
2.20693	1	0	0	1	0	-123.879
2.20793	1	0	0	1	0	-123.879
2.20893	1	0	0	1	0	-123.879
2.20993	1	0	0	1	0	-123.879
2.21093	1	0	0	1	0	-123.879
2.21193	1	0	0	1	0	-123.879
2.21293	1	0	0	1	0	-123.879
2.21393	1	0	0	1	0	-123.879
2.21493	1	0	0	1	0	-123.879
2.21593	1	0	0	1	0	-123.879
2.21693	1	0	0	1	0	-123.879
2.21793	1	0	0	1	0	-123.879
2.21893	1	0	0	1	0	-123.879
2.21993	1	0	0	1	0	-123.879
2.22093	1	0	0	1	0	-123.879
2.22193	1	0	0	1	0	-123.879
2.22293	1	0	0	1	0	-123.879
2.22393	1	0	0	1	0	-123.879
2.22493	1	0	0	1	0	-123.879
2.22593	1	0	0	1	0	-123.879
2.22693	1	0	0	1	0	-123.879
2.22793	1	0	0	1	0	-123.879
2.22893	1	0	0	1	0	-123.879
2.22993	1	0	0	1	0	-123.879
2.23093	1	0	0	1	0	-123.879
2.23193	1	0	0	1	0	-123.879
2.23293	1	0	0	1	0	-123.879
2.23393	1	0	0	1	0	-123.879
2.23493	1	0	0	1	0	-123.879
2.23593	1	0	0	1	0	-123.879
2.23693	1	0	0	1	0	-123.879
2.23793	1	0	0	1	0	-123.879
2.23886	1	0	0	1	0	-123.879
2.23886	1	0	1	1	1	-123.879
2.23893	1	0	0	1	0	-123.879
2.23993	1	0	0	1	0	-123.879
2.24093	1	0	0	1	0	-123.879
2.24193	1	0	0	1	0	-123.879
2.24293	1	0	0	1	0	-123.879
2.24393	1	0	0	1	0	-123.879
2.24493	1	0	0	1	0	-123.879
2.24593	1	0	0	1	0	-123.879
2.24693	1	0	0	1	0	-123.879
2.24793	1	0	0	1	0	-123.879
2.24893	1	0	0	1	0	-123.879
2.24993	1	0	0	1	0	-123.879
2.25093	1	0	0	1	0	-123.879
2.25193	1	0	0	1	0	-123.879
2.25293	1	0	0	1	0	-123.879
2.25393	1	0	0	1	0	-123.879
2.25493	1	0	0	1	0	-123.879
2.25593	1	0	0	1	0	-123.879
2.25693	1	0	0	1	0	-123.879
2.25793	1	0	0	1	0	-123.879
2.25893	1	0	0	1	0	-123.879
2.25993	1	0	0	1	0	-123.879
2.26093	1	0	0	1	0	-123.879
2.26193	1	0	0	1	0	-123.879
2.26293	1	0	0	1	0	-123.879
2.26393	1	0	0	1	0	-123.879
2.26493	1	0	0	1	0	-123.879
2.26593	1	0	0	1	0	-123.879
2.26693	1	0	0	1	0	-123.879
2.26793	1	0	0	1	0	-123.879
2.26893	1	0	0	1	0	-123.879
2.26993	1	0	0	1	0	-123.879
2.27093	1	0	0	1	0	-123.879
2.27193	1	0	0	1	0	-123.879
2.27293	1	0	0	1	0	-123.879
2.27393	1	0	0	1	0	-123.879
2.27493	1	0	0	1	0	-123.879
2.27593	1	0	0	1	0	-123.879
2.27693	1	0	0	1	0	-123.879
2.27793	1	0	0	1	0	-123.879
2.27893	1	0	0	1	0	-123.879
2.27993	1	0	0	1	0	-123.879
2.28093	1	0	0	1	0	-123.879
2.28193	1	0	0	1	0	-123.879
2.28293	1	0	0	1	0	-123.879
2.28393	1	0	0	1	0	-123.879
2.28493	1	0	0	1	0	-123.879
2.28593	1	0	0	1	0	-123.879
2.28693	1	0	0	1	0	-123.879
2.28793	1	0	0	1	0	-123.879
2.28893	1	0	0	1	0	-123.879
2.28993	1	0	0	1	0	-123.879
2.29093	1	0	0	1	0	-123.879
2.29193	1	0	0	1	0	-123.879
2.29293	1	0	0	1	0	-123.879
2.29393	1	0	0	1	0	-123.879
2.29493	1	0	0	1	0	-123.879
2.29593	1	0	0	1	0	-123.879
2.29693	1	0	0	1	0	-123.879
2.29793	1	0	0	1	0	-123.879
2.29893	1	0	0	1	0	-123.879
2.29993	1	0	0	1	0	-123.879
2.30093	1	0	0	1	0	-123.879
2.30193	1	0	0	1	0	-123.879
2.30293	1	0	0	1	0	-123.879
2.30393	1	0	0	1	0	-123.879
2.30493	1	0	0	1	0	-123.879
2.30593	1	0	0	1	0	-123.879
2.30693	1	0	0	1	0	-123.879
2.30793	1	0	0	1	0	-123.879
2.30893	1	0	0	1	0	-123.879
2.30993	1	0	0	1	0	-123.879
2.31093	1	0	0	1	0	-123.879
2.31193	1	0	0	1	0	-123.879
2.31293	1	0	0	1	0	-123.879
2.31393	1	0	0	1	0	-123.879
2.31493	1	0	0	1	0	-123.879
2.31593	1	0	0	1	0	-123.879
2.31693	1	0	0	1	0	-123.879
2.31793	1	0	0	1	0	-123.879
2.31886	1	0	0	1	0	-123.879
2.31886	1	0	1	1	1	-123.879
2.31893	1	0	0	1	0	-123.879
2.31993	1	0	0	1	0	-123.879
2.32093	1	0	0	1	0	-123.879
2.32193	1	0	0	1	0	-123.879
2.32293	1	0	0	1	0	-123.879
2.32393	1	0	0	1	0	-123.879
2.32493	1	0	0	1	0	-123.879
2.32593	1	0	0	1	0	-123.879
2.32693	1	0	0	1	0	-123.879
2.32793	1	0	0	1	0	-123.879
2.32893	1	0	0	1	0	-123.879
2.32993	1	0	0	1	0	-123.879
2.33093	1	0	0	1	0	-123.879
2.33193	1	0	0	1	0	-123.879
2.33293	1	0	0	1	0	-123.879
2.33393	1	0	0	1	0	-123.879
2.33493	1	0	0	1	0	-123.879
2.33593	1	0	0	1	0	-123.879
2.33693	1	0	0	1	0	-123.879
2.33793	1	0	0	1	0	-123.879
2.33893	1	0	0	1	0	-123.879
2.33993	1	0	0	1	0	-123.879
2.34093	1	0	0	1	0	-123.879
2.34193	1	0	0	1	0	-123.879
2.34293	1	0	0	1	0	-123.879
2.34393	1	0	0	1	0	-123.879
2.34493	1	0	0	1	0	-123.879
2.34593	1	0	0	1	0	-123.879
2.34693	1	0	0	1	0	-123.879
2.34793	1	0	0	1	0	-123.879
2.34893	1	0	0	1	0	-123.879
2.34993	1	0	0	1	0	-123.879
2.35093	1	0	0	1	0	-123.879
2.35193	1	0	0	1	0	-123.879
2.35293	1	0	0	1	0	-123.879
2.35393	1	0	0	1	0	-123.879
2.35493	1	0	0	1	0	-123.879
2.35593	1	0	0	1	0	-123.879
2.35693	1	0	0	1	0	-123.879
2.35793	1	0	0	1	0	-123.879
2.35893	1	0	0	1	0	-123.879
2.35993	1	0	0	1	0	-123.879
2.36093	1	0	0	1	0	-123.879
2.36193	1	0	0	1	0	-123.879
2.36293	1	0	0	1	0	-123.879
2.36393	1	0	0	1	0	-123.879
2.36493	1	0	0	1	0	-123.879
2.36593	1	0	0	1	0	-123.879
2.36693	1	0	0	1	0	-123.879
2.36793	1	0	0	1	0	-123.879
2.36893	1	0	0	1	0	-123.879
2.36993	1	0	0	1	0	-123.879
2.37093	1	0	0	1	0	-123.879
2.37193	1	0	0	1	0	-123.879
2.37293	1	0	0	1	0	-123.879
2.37393	1	0	0	1	0	-123.879
2.37493	1	0	0	1	0	-123.879
2.37593	1	0	0	1	0	-123.879
2.37693	1	0	0	1	0	-123.879
2.37793	1	0	0	1	0	-123.879
2.37893	1	0	0	1	0	-123.879
2.37993	1	0	0	1	0	-123.879
2.38093	1	0	0	1	0	-123.879
2.38193	1	0	0	1	0	-123.879
2.38293	1	0	0	1	0	-123.879
2.38393	1	0	0	1	0	-123.879
2.38493	1	0	0	1	0	-123.879
2.38593	1	0	0	1	0	-123.879
2.38693	1	0	0	1	0	-123.879
2.38793	1	0	0	1	0	-123.879
2.38893	1	0	0	1	0	-123.879
2.38993	1	0	0	1	0	-123.879
2.39093	1	0	0	1	0	-123.879
2.39193	1	0	0	1	0	-123.879
2.39293	1	0	0	1	0	-123.879
2.39393	1	0	0	1	0	-123.879
2.39493	1	0	0	1	0	-123.879
2.39593	1	0	0	1	0	-123.879
2.39693	1	0	0	1	0	-123.879
2.39793	1	0	0	1	0	-123.879
2.39886	1	0	0	1	0	-123.879
2.39886	1	0	1	1	1	-123.879
2.39893	1	0	0	1	0	-123.879
2.39993	1	0	0	1	0	-123.879
2.40093	1	0	0	1	0	-123.879
2.40193	1	0	0	1	0	-123.879
2.40293	1	0	0	1	0	-123.879
2.40393	1	0	0	1	0	-123.879
2.40493	1	0	0	1	0	-123.879
2.40593	1	0	0	1	0	-123.879
2.40693	1	0	0	1	0	-123.879
2.40793	1	0	0	1	0	-123.879
2.40893	1	0	0	1	0	-123.879
2.40993	1	0	0	1	0	-123.879
2.41093	1	0	0	1	0	-123.879
2.41193	1	0	0	1	0	-123.879
2.41293	1	0	0	1	0	-123.879
2.41393	1	0	0	1	0	-123.879
2.41493	1	0	0	1	0	-123.879
2.41593	1	0	0	1	0	-123.879
2.41693	1	0	0	1	0	-123.879
2.41793	1	0	0	1	0	-123.879
2.41893	1	0	0	1	0	-123.879
2.41993	1	0	0	1	0	-123.879
2.42093	1	0	0	1	0	-123.879
2.42193	1	0	0	1	0	-123.879
2.42293	1	0	0	1	0	-123.879
2.42393	1	0	0	1	0	-123.879
2.42493	1	0	0	1	0	-123.879
2.42593	1	0	0	1	0	-123.879
2.42693	1	0	0	1	0	-123.879
2.42793	1	0	0	1	0	-123.879
2.42893	1	0	0	1	0	-123.879
2.42993	1	0	0	1	0	-123.879
2.43093	1	0	0	1	0	-123.879
2.43193	1	0	0	1	0	-123.879
2.43293	1	0	0	1	0	-123.879
2.43393	1	0	0	1	0	-123.879
2.43493	1	0	0	1	0	-123.879
2.43593	1	0	0	1	0	-123.879
2.43693	1	0	0	1	0	-123.879
2.43793	1	0	0	1	0	-123.879
2.43893	1	0	0	1	0	-123.879
2.43993	1	0	0	1	0	-123.879
2.44093	1	0	0	1	0	-123.879
2.44193	1	0	0	1	0	-123.879
2.44293	1	0	0	1	0	-123.879
2.44393	1	0	0	1	0	-123.879
2.44493	1	0	0	1	0	-123.879
2.44593	1	0	0	1	0	-123.879
2.44693	1	0	0	1	0	-123.879
2.44793	1	0	0	1	0	-123.879
2.44893	1	0	0	1	0	-123.879
2.44993	1	0	0	1	0	-123.879
2.45093	1	0	0	1	0	-123.879
2.45193	1	0	0	1	0	-123.879
2.45293	1	0	0	1	0	-123.879
2.45393	1	0	0	1	0	-123.879
2.45493	1	0	0	1	0	-123.879
2.45593	1	0	0	1	0	-123.879
2.45693	1	0	0	1	0	-123.879
2.45793	1	0	0	1	0	-123.879
2.45893	1	0	0	1	0	-123.879
2.45993	1	0	0	1	0	-123.879
2.46093	1	0	0	1	0	-123.879
2.46193	1	0	0	1	0	-123.879
2.46293	1	0	0	1	0	-123.879
2.46393	1	0	0	1	0	-123.879
2.46493	1	0	0	1	0	-123.879
2.46593	1	0	0	1	0	-123.879
2.46693	1	0	0	1	0	-123.879
2.46793	1	0	0	1	0	-123.879
2.46893	1	0	0	1	0	-123.879
2.46993	1	0	0	1	0	-123.879
2.47093	1	0	0	1	0	-123.879
2.47193	1	0	0	1	0	-123.879
2.47293	1	0	0	1	0	-123.879
2.47393	1	0	0	1	0	-123.879
2.47493	1	0	0	1	0	-123.879
2.47593	1	0	0	1	0	-123.879
2.47693	1	0	0	1	0	-123.879
2.47793	1	0	0	1	0	-123.879
2.47886	1	0	0	1	0	-123.879
2.47886	1	0	1	1	1	-123.879
2.47893	1	0	0	1	0	-123.879
2.47993	1	0	0	1	0	-123.879
2.48093	1	0	0	1	0	-123.879
2.48193	1	0	0	1	0	-123.879
2.48293	1	0	0	1	0	-123.879
2.48393	1	0	0	1	0	-123.879
2.48493	1	0	0	1	0	-123.879
2.48593	1	0	0	1	0	-123.879
2.48693	1	0	0	1	0	-123.879
2.48793	1	0	0	1	0	-123.879
2.48893	1	0	0	1	0	-123.879
2.48993	1	0	0	1	0	-123.879
2.49093	1	0	0	1	0	-123.879
2.49193	1	0	0	1	0	-123.879
2.49293	1	0	0	1	0	-123.879
2.49393	1	0	0	1	0	-123.879
2.49493	1	0	0	1	0	-123.879
2.49593	1	0	0	1	0	-123.879
2.49693	1	0	0	1	0	-123.879
2.49793	1	0	0	1	0	-123.879
2.49893	1	0	0	1	0	-123.879
2.49993	1	0	0	1	0	-123.879
2.50093	1	0	0	1	0	-123.879
2.50193	1	0	0	1	0	-123.879
2.50293	1	0	0	1	0	-123.879
2.50393	1	0	0	1	0	-123.879
2.50493	1	0	0	1	0	-123.879
2.50593	1	0	0	1	0	-123.879
2.50693	1	0	0	1	0	-123.879
2.50793	1	0	0	1	0	-123.879
2.50893	1	0	0	1	0	-123.879
2.50993	1	0	0	1	0	-123.879
2.51093	1	0	0	1	0	-123.879
2.51193	1	0	0	1	0	-123.879
2.51293	1	0	0	1	0	-123.879
2.51393	1	0	0	1	0	-123.879
2.51493	1	0	0	1	0	-123.879
2.51593	1	0	0	1	0	-123.879
2.51693	1	0	0	1	0	-123.879
2.51793	1	0	0	1	0	-123.879
2.51893	1	0	0	1	0	-123.879
2.51993	1	0	0	1	0	-123.879
2.52093	1	0	0	1	0	-123.879
2.52193	1	0	0	1	0	-123.879
2.52293	1	0	0	1	0	-123.879
2.52393	1	0	0	1	0	-123.879
2.52493	1	0	0	1	0	-123.879
2.52593	1	0	0	1	0	-123.879
2.52693	1	0	0	1	0	-123.879
2.52793	1	0	0	1	0	-123.879
2.52893	1	0	0	1	0	-123.879
2.52993	1	0	0	1	0	-123.879
2.53093	1	0	0	1	0	-123.879
2.53193	1	0	0	1	0	-123.879
2.53293	1	0	0	1	0	-123.879
2.53393	1	0	0	1	0	-123.879
2.53493	1	0	0	1	0	-123.879
2.53593	1	0	0	1	0	-123.879
2.53693	1	0	0	1	0	-123.879
2.53793	1	0	0	1	0	-123.879
2.53893	1	0	0	1	0	-123.879
2.53993	1	0	0	1	0	-123.879
2.54093	1	0	0	1	0	-123.879
2.54193	1	0	0	1	0	-123.879
2.54293	1	0	0	1	0	-123.879
2.54393	1	0	0	1	0	-123.879
2.54493	1	0	0	1	0	-123.879
2.54593	1	0	0	1	0	-123.879
2.54693	1	0	0	1	0	-123.879
2.54793	1	0	0	1	0	-123.879
2.54893	1	0	0	1	0	-123.879
2.54993	1	0	0	1	0	-123.879
2.55093	1	0	0	1	0	-123.879
2.55193	1	0	0	1	0	-123.879
2.55293	1	0	0	1	0	-123.879
2.55393	1	0	0	1	0	-123.879
2.55493	1	0	0	1	0	-123.879
2.55593	1	0	0	1	0	-123.879
2.55693	1	0	0	1	0	-123.879
2.55793	1	0	0	1	0	-123.879
2.55886	1	0	0	1	0	-123.879
2.55886	1	0	1	1	1	-123.879
2.55893	1	0	0	1	0	-123.879
2.55993	1	0	0	1	0	-123.879
2.56093	1	0	0	1	0	-123.879
2.56193	1	0	0	1	0	-123.879
2.56293	1	0	0	1	0	-123.879
2.56393	1	0	0	1	0	-123.879
2.56493	1	0	0	1	0	-123.879
2.56593	1	0	0	1	0	-123.879
2.56693	1	0	0	1	0	-123.879
2.56793	1	0	0	1	0	-123.879
2.56893	1	0	0	1	0	-123.879
2.56993	1	0	0	1	0	-123.879
2.57093	1	0	0	1	0	-123.879
2.57193	1	0	0	1	0	-123.879
2.57293	1	0	0	1	0	-123.879
2.57393	1	0	0	1	0	-123.879
2.57493	1	0	0	1	0	-123.879
2.57593	1	0	0	1	0	-123.879
2.57693	1	0	0	1	0	-123.879
2.57793	1	0	0	1	0	-123.879
2.57893	1	0	0	1	0	-123.879
2.57993	1	0	0	1	0	-123.879
2.58093	1	0	0	1	0	-123.879
2.58193	1	0	0	1	0	-123.879
2.58293	1	0	0	1	0	-123.879
2.58393	1	0	0	1	0	-123.879
2.58493	1	0	0	1	0	-123.879
2.58593	1	0	0	1	0	-123.879
2.58693	1	0	0	1	0	-123.879
2.58793	1	0	0	1	0	-123.879
2.58893	1	0	0	1	0	-123.879
2.58993	1	0	0	1	0	-123.879
2.59093	1	0	0	1	0	-123.879
2.59193	1	0	0	1	0	-123.879
2.59293	1	0	0	1	0	-123.879
2.59393	1	0	0	1	0	-123.879
2.59493	1	0	0	1	0	-123.879
2.59593	1	0	0	1	0	-123.879
2.59693	1	0	0	1	0	-123.879
2.59793	1	0	0	1	0	-123.879
2.59893	1	0	0	1	0	-123.879
2.59993	1	0	0	1	0	-123.879
2.60093	1	0	0	1	0	-123.879
2.60193	1	0	0	1	0	-123.879
2.60293	1	0	0	1	0	-123.879
2.60393	1	0	0	1	0	-123.879
2.60493	1	0	0	1	0	-123.879
2.60593	1	0	0	1	0	-123.879
2.60693	1	0	0	1	0	-123.879
2.60793	1	0	0	1	0	-123.879
2.60893	1	0	0	1	0	-123.879
2.60993	1	0	0	1	0	-123.879
2.61093	1	0	0	1	0	-123.879
2.61193	1	0	0	1	0	-123.879
2.61293	1	0	0	1	0	-123.879
2.61393	1	0	0	1	0	-123.879
2.61493	1	0	0	1	0	-123.879
2.61593	1	0	0	1	0	-123.879
2.61693	1	0	0	1	0	-123.879
2.61793	1	0	0	1	0	-123.879
2.61893	1	0	0	1	0	-123.879
2.61993	1	0	0	1	0	-123.879
2.62093	1	0	0	1	0	-123.879
2.62193	1	0	0	1	0	-123.879
2.62293	1	0	0	1	0	-123.879
2.62393	1	0	0	1	0	-123.879
2.62493	1	0	0	1	0	-123.879
2.62593	1	0	0	1	0	-123.879
2.62693	1	0	0	1	0	-123.879
2.62793	1	0	0	1	0	-123.879
2.62893	1	0	0	1	0	-123.879
2.62993	1	0	0	1	0	-123.879
2.63093	1	0	0	1	0	-123.879
2.63193	1	0	0	1	0	-123.879
2.63293	1	0	0	1	0	-123.879
2.63393	1	0	0	1	0	-123.879
2.63493	1	0	0	1	0	-123.879
2.63593	1	0	0	1	0	-123.879
2.63693	1	0	0	1	0	-123.879
2.63793	1	0	0	1	0	-123.879
2.63886	1	0	0	1	0	-123.879
2.63886	1	0	1	1	1	-123.879
2.63893	1	0	0	1	0	-123.879
2.63993	1	0	0	1	0	-123.879
2.64093	1	0	0	1	0	-123.879
2.64193	1	0	0	1	0	-123.879
2.64293	1	0	0	1	0	-123.879
2.64393	1	0	0	1	0	-123.879
2.64493	1	0	0	1	0	-123.879
2.64593	1	0	0	1	0	-123.879
2.64693	1	0	0	1	0	-123.879
2.64793	1	0	0	1	0	-123.879
2.64893	1	0	0	1	0	-123.879
2.64993	1	0	0	1	0	-123.879
2.65093	1	0	0	1	0	-123.879
2.65193	1	0	0	1	0	-123.879
2.65293	1	0	0	1	0	-123.879
2.65393	1	0	0	1	0	-123.879
2.65493	1	0	0	1	0	-123.879
2.65593	1	0	0	1	0	-123.879
2.65693	1	0	0	1	0	-123.879
2.65793	1	0	0	1	0	-123.879
2.65893	1	0	0	1	0	-123.879
2.65993	1	0	0	1	0	-123.879
2.66093	1	0	0	1	0	-123.879
2.66193	1	0	0	1	0	-123.879
2.66293	1	0	0	1	0	-123.879
2.66393	1	0	0	1	0	-123.879
2.66493	1	0	0	1	0	-123.879
2.66593	1	0	0	1	0	-123.879
2.66693	1	0	0	1	0	-123.879
2.66793	1	0	0	1	0	-123.879
2.66893	1	0	0	1	0	-123.879
2.66993	1	0	0	1	0	-123.879
2.67093	1	0	0	1	0	-123.879
2.67193	1	0	0	1	0	-123.879
2.67293	1	0	0	1	0	-123.879
2.67393	1	0	0	1	0	-123.879
2.67493	1	0	0	1	0	-123.879
2.67593	1	0	0	1	0	-123.879
2.67693	1	0	0	1	0	-123.879
2.67793	1	0	0	1	0	-123.879
2.67893	1	0	0	1	0	-123.879
2.67993	1	0	0	1	0	-123.879
2.68093	1	0	0	1	0	-123.879
2.68193	1	0	0	1	0	-123.879
2.68293	1	0	0	1	0	-123.879
2.68393	1	0	0	1	0	-123.879
2.68493	1	0	0	1	0	-123.879
2.68593	1	0	0	1	0	-123.879
2.68693	1	0	0	1	0	-123.879
2.68793	1	0	0	1	0	-123.879
2.68893	1	0	0	1	0	-123.879
2.68993	1	0	0	1	0	-123.879
2.69093	1	0	0	1	0	-123.879
2.69193	1	0	0	1	0	-123.879
2.69293	1	0	0	1	0	-123.879
2.69393	1	0	0	1	0	-123.879
2.69493	1	0	0	1	0	-123.879
2.69593	1	0	0	1	0	-123.879
2.69693	1	0	0	1	0	-123.879
2.69793	1	0	0	1	0	-123.879
2.69893	1	0	0	1	0	-123.879
2.69993	1	0	0	1	0	-123.879
2.70093	1	0	0	1	0	-123.879
2.70193	1	0	0	1	0	-123.879
2.70293	1	0	0	1	0	-123.879
2.70393	1	0	0	1	0	-123.879
2.70493	1	0	0	1	0	-123.879
2.70593	1	0	0	1	0	-123.879
2.70693	1	0	0	1	0	-123.879
2.70793	1	0	0	1	0	-123.879
2.70893	1	0	0	1	0	-123.879
2.70993	1	0	0	1	0	-123.879
2.71093	1	0	0	1	0	-123.879
2.71193	1	0	0	1	0	-123.879
2.71293	1	0	0	1	0	-123.879
2.71393	1	0	0	1	0	-123.879
2.71493	1	0	0	1	0	-123.879
2.71593	1	0	0	1	0	-123.879
2.71693	1	0	0	1	0	-123.879
2.71793	1	0	0	1	0	-123.879
2.71886	1	0	0	1	0	-123.879
2.71886	1	0	1	1	1	-123.879
2.71893	1	0	0	1	0	-123.879
2.71993	1	0	0	1	0	-123.879
2.72093	1	0	0	1	0	-123.879
2.72193	1	0	0	1	0	-123.879
2.72293	1	0	0	1	0	-123.879
2.72393	1	0	0	1	0	-123.879
2.72493	1	0	0	1	0	-123.879
2.72593	1	0	0	1	0	-123.879
2.72693	1	0	0	1	0	-123.879
2.72793	1	0	0	1	0	-123.879
2.72893	1	0	0	1	0	-123.879
2.72993	1	0	0	1	0	-123.879
2.73093	1	0	0	1	0	-123.879
2.73193	1	0	0	1	0	-123.879
2.73293	1	0	0	1	0	-123.879
2.73393	1	0	0	1	0	-123.879
2.73493	1	0	0	1	0	-123.879
2.73593	1	0	0	1	0	-123.879
2.73693	1	0	0	1	0	-123.879
2.73793	1	0	0	1	0	-123.879
2.73893	1	0	0	1	0	-123.879
2.73993	1	0	0	1	0	-123.879
2.74093	1	0	0	1	0	-123.879
2.74193	1	0	0	1	0	-123.879
2.74293	1	0	0	1	0	-123.879
2.74393	1	0	0	1	0	-123.879
2.74493	1	0	0	1	0	-123.879
2.74593	1	0	0	1	0	-123.879
2.74693	1	0	0	1	0	-123.879
2.74793	1	0	0	1	0	-123.879
2.74893	1	0	0	1	0	-123.879
2.74993	1	0	0	1	0	-123.879
2.75093	1	0	0	1	0	-123.879
2.75193	1	0	0	1	0	-123.879
2.75293	1	0	0	1	0	-123.879
2.75393	1	0	0	1	0	-123.879
2.75493	1	0	0	1	0	-123.879
2.75593	1	0	0	1	0	-123.879
2.75693	1	0	0	1	0	-123.879
2.75793	1	0	0	1	0	-123.879
2.75893	1	0	0	1	0	-123.879
2.75993	1	0	0	1	0	-123.879
2.76093	1	0	0	1	0	-123.879
2.76193	1	0	0	1	0	-123.879
2.76293	1	0	0	1	0	-123.879
2.76393	1	0	0	1	0	-123.879
2.76493	1	0	0	1	0	-123.879
2.76593	1	0	0	1	0	-123.879
2.76693	1	0	0	1	0	-123.879
2.76793	1	0	0	1	0	-123.879
2.76893	1	0	0	1	0	-123.879
2.76993	1	0	0	1	0	-123.879
2.77093	1	0	0	1	0	-123.879
2.77193	1	0	0	1	0	-123.879
2.77293	1	0	0	1	0	-123.879
2.77393	1	0	0	1	0	-123.879
2.77493	1	0	0	1	0	-123.879
2.77593	1	0	0	1	0	-123.879
2.77693	1	0	0	1	0	-123.879
2.77793	1	0	0	1	0	-123.879
2.77893	1	0	0	1	0	-123.879
2.77993	1	0	0	1	0	-123.879
2.78093	1	0	0	1	0	-123.879
2.78193	1	0	0	1	0	-123.879
2.78293	1	0	0	1	0	-123.879
2.78393	1	0	0	1	0	-123.879
2.78493	1	0	0	1	0	-123.879
2.78593	1	0	0	1	0	-123.879
2.78693	1	0	0	1	0	-123.879
2.78793	1	0	0	1	0	-123.879
2.78893	1	0	0	1	0	-123.879
2.78993	1	0	0	1	0	-123.879
2.79093	1	0	0	1	0	-123.879
2.79193	1	0	0	1	0	-123.879
2.79293	1	0	0	1	0	-123.879
2.79393	1	0	0	1	0	-123.879
2.79493	1	0	0	1	0	-123.879
2.79593	1	0	0	1	0	-123.879
2.79693	1	0	0	1	0	-123.879
2.79793	1	0	0	1	0	-123.879
2.79886	1	0	0	1	0	-123.879
2.79886	1	0	1	1	1	-123.879
2.79893	1	0	0	1	0	-123.879
2.79993	1	0	0	1	0	-123.879
2.80093	1	0	0	1	0	-123.879
2.80193	1	0	0	1	0	-123.879
2.80293	1	0	0	1	0	-123.879
2.80393	1	0	0	1	0	-123.879
2.80493	1	0	0	1	0	-123.879
2.80593	1	0	0	1	0	-123.879
2.80693	1	0	0	1	0	-123.879
2.80793	1	0	0	1	0	-123.879
2.80893	1	0	0	1	0	-123.879
2.80993	1	0	0	1	0	-123.879
2.81093	1	0	0	1	0	-123.879
2.81193	1	0	0	1	0	-123.879
2.81293	1	0	0	1	0	-123.879
2.81393	1	0	0	1	0	-123.879
2.81493	1	0	0	1	0	-123.879
2.81593	1	0	0	1	0	-123.879
2.81693	1	0	0	1	0	-123.879
2.81793	1	0	0	1	0	-123.879
2.81893	1	0	0	1	0	-123.879
2.81993	1	0	0	1	0	-123.879
2.82093	1	0	0	1	0	-123.879
2.82193	1	0	0	1	0	-123.879
2.82293	1	0	0	1	0	-123.879
2.82393	1	0	0	1	0	-123.879
2.82493	1	0	0	1	0	-123.879
2.82593	1	0	0	1	0	-123.879
2.82693	1	0	0	1	0	-123.879
2.82793	1	0	0	1	0	-123.879
2.82893	1	0	0	1	0	-123.879
2.82993	1	0	0	1	0	-123.879
2.83093	1	0	0	1	0	-123.879
2.83193	1	0	0	1	0	-123.879
2.83293	1	0	0	1	0	-123.879
2.83393	1	0	0	1	0	-123.879
2.83493	1	0	0	1	0	-123.879
2.83593	1	0	0	1	0	-123.879
2.83693	1	0	0	1	0	-123.879
2.83793	1	0	0	1	0	-123.879
2.83893	1	0	0	1	0	-123.879
2.83993	1	0	0	1	0	-123.879
2.84093	1	0	0	1	0	-123.879
2.84193	1	0	0	1	0	-123.879
2.84293	1	0	0	1	0	-123.879
2.84393	1	0	0	1	0	-123.879
2.84493	1	0	0	1	0	-123.879
2.84593	1	0	0	1	0	-123.879
2.84693	1	0	0	1	0	-123.879
2.84793	1	0	0	1	0	-123.879
2.84893	1	0	0	1	0	-123.879
2.84993	1	0	0	1	0	-123.879
2.85093	1	0	0	1	0	-123.879
2.85193	1	0	0	1	0	-123.879
2.85293	1	0	0	1	0	-123.879
2.85393	1	0	0	1	0	-123.879
2.85493	1	0	0	1	0	-123.879
2.85593	1	0	0	1	0	-123.879
2.85693	1	0	0	1	0	-123.879
2.85793	1	0	0	1	0	-123.879
2.85893	1	0	0	1	0	-123.879
2.85993	1	0	0	1	0	-123.879
2.86093	1	0	0	1	0	-123.879
2.86193	1	0	0	1	0	-123.879
2.86293	1	0	0	1	0	-123.879
2.86393	1	0	0	1	0	-123.879
2.86493	1	0	0	1	0	-123.879
2.86593	1	0	0	1	0	-123.879
2.86693	1	0	0	1	0	-123.879
2.86793	1	0	0	1	0	-123.879
2.86893	1	0	0	1	0	-123.879
2.86993	1	0	0	1	0	-123.879
2.87093	1	0	0	1	0	-123.879
2.87193	1	0	0	1	0	-123.879
2.87293	1	0	0	1	0	-123.879
2.87393	1	0	0	1	0	-123.879
2.87493	1	0	0	1	0	-123.879
2.87593	1	0	0	1	0	-123.879
2.87693	1	0	0	1	0	-123.879
2.87793	1	0	0	1	0	-123.879
2.87886	1	0	0	1	0	-123.879
2.87886	1	0	1	1	1	-123.879
2.87893	1	0	0	1	0	-123.879
2.87993	1	0	0	1	0	-123.879
2.88093	1	0	0	1	0	-123.879
2.88193	1	0	0	1	0	-123.879
2.88293	1	0	0	1	0	-123.879
2.88393	1	0	0	1	0	-123.879
2.88493	1	0	0	1	0	-123.879
2.88593	1	0	0	1	0	-123.879
2.88693	1	0	0	1	0	-123.879
2.88793	1	0	0	1	0	-123.879
2.88893	1	0	0	1	0	-123.879
2.88993	1	0	0	1	0	-123.879
2.89093	1	0	0	1	0	-123.879
2.89193	1	0	0	1	0	-123.879
2.89293	1	0	0	1	0	-123.879
2.89393	1	0	0	1	0	-123.879
2.89493	1	0	0	1	0	-123.879
2.89593	1	0	0	1	0	-123.879
2.89693	1	0	0	1	0	-123.879
2.89793	1	0	0	1	0	-123.879
2.89893	1	0	0	1	0	-123.879
2.89993	1	0	0	1	0	-123.879
2.90093	1	0	0	1	0	-123.879
2.90193	1	0	0	1	0	-123.879
2.90293	1	0	0	1	0	-123.879
2.90393	1	0	0	1	0	-123.879
2.90493	1	0	0	1	0	-123.879
2.90593	1	0	0	1	0	-123.879
2.90693	1	0	0	1	0	-123.879
2.90793	1	0	0	1	0	-123.879
2.90893	1	0	0	1	0	-123.879
2.90993	1	0	0	1	0	-123.879
2.91093	1	0	0	1	0	-123.879
2.91193	1	0	0	1	0	-123.879
2.91293	1	0	0	1	0	-123.879
2.91393	1	0	0	1	0	-123.879
2.91493	1	0	0	1	0	-123.879
2.91593	1	0	0	1	0	-123.879
2.91693	1	0	0	1	0	-123.879
2.91793	1	0	0	1	0	-123.879
2.91893	1	0	0	1	0	-123.879
2.91993	1	0	0	1	0	-123.879
2.92093	1	0	0	1	0	-123.879
2.92193	1	0	0	1	0	-123.879
2.92293	1	0	0	1	0	-123.879
2.92393	1	0	0	1	0	-123.879
2.92493	1	0	0	1	0	-123.879
2.92593	1	0	0	1	0	-123.879
2.92693	1	0	0	1	0	-123.879
2.92793	1	0	0	1	0	-123.879
2.92893	1	0	0	1	0	-123.879
2.92993	1	0	0	1	0	-123.879
2.93093	1	0	0	1	0	-123.879
2.93193	1	0	0	1	0	-123.879
2.93293	1	0	0	1	0	-123.879
2.93393	1	0	0	1	0	-123.879
2.93493	1	0	0	1	0	-123.879
2.93593	1	0	0	1	0	-123.879
2.93693	1	0	0	1	0	-123.879
2.93793	1	0	0	1	0	-123.879
2.93893	1	0	0	1	0	-123.879
2.93993	1	0	0	1	0	-123.879
2.94093	1	0	0	1	0	-123.879
2.94193	1	0	0	1	0	-123.879
2.94293	1	0	0	1	0	-123.879
2.94393	1	0	0	1	0	-123.879
2.94493	1	0	0	1	0	-123.879
2.94593	1	0	0	1	0	-123.879
2.94693	1	0	0	1	0	-123.879
2.94793	1	0	0	1	0	-123.879
2.94893	1	0	0	1	0	-123.879
2.94993	1	0	0	1	0	-123.879
2.95093	1	0	0	1	0	-123.879
2.95193	1	0	0	1	0	-123.879
2.95293	1	0	0	1	0	-123.879
2.95393	1	0	0	1	0	-123.879
2.95493	1	0	0	1	0	-123.879
2.95593	1	0	0	1	0	-123.879
2.95693	1	0	0	1	0	-123.879
2.95793	1	0	0	1	0	-123.879
2.95886	1	0	0	1	0	-123.879
2.95886	1	0	1	1	1	-123.879
2.95893	1	0	0	1	0	-123.879
2.95993	1	0	0	1	0	-123.879
2.96093	1	0	0	1	0	-123.879
2.96193	1	0	0	1	0	-123.879
2.96293	1	0	0	1	0	-123.879
2.96393	1	0	0	1	0	-123.879
2.96493	1	0	0	1	0	-123.879
2.96593	1	0	0	1	0	-123.879
2.96693	1	0	0	1	0	-123.879
2.96793	1	0	0	1	0	-123.879
2.96893	1	0	0	1	0	-123.879
2.96993	1	0	0	1	0	-123.879
2.97093	1	0	0	1	0	-123.879
2.97193	1	0	0	1	0	-123.879
2.97293	1	0	0	1	0	-123.879
2.97393	1	0	0	1	0	-123.879
2.97493	1	0	0	1	0	-123.879
2.97593	1	0	0	1	0	-123.879
2.97693	1	0	0	1	0	-123.879
2.97793	1	0	0	1	0	-123.879
2.97893	1	0	0	1	0	-123.879
2.97993	1	0	0	1	0	-123.879
2.98093	1	0	0	1	0	-123.879
2.98193	1	0	0	1	0	-123.879
2.98293	1	0	0	1	0	-123.879
2.98393	1	0	0	1	0	-123.879
2.98493	1	0	0	1	0	-123.879
2.98593	1	0	0	1	0	-123.879
2.98693	1	0	0	1	0	-123.879
2.98793	1	0	0	1	0	-123.879
2.98893	1	0	0	1	0	-123.879
2.98993	1	0	0	1	0	-123.879
2.99093	1	0	0	1	0	-123.879
2.99193	1	0	0	1	0	-123.879
2.99293	1	0	0	1	0	-123.879
2.99393	1	0	0	1	0	-123.879
2.99493	1	0	0	1	0	-123.879
2.99593	1	0	0	1	0	-123.879
2.99693	1	0	0	1	0	-123.879
2.99793	1	0	0	1	0	-123.879
2.99893	1	0	0	1	0	-123.879
2.99993	1	0	0	1	0	-123.879
